
Graph 1, order 11.
11 10
0 10  1 10  2 10  3 10  4 10  5 10  6 10  7 10  8 10  9 10

Graph 2, order 11.
11 10
0 9  0 10  1 10  2 10  3 10  4 10  5 10  6 10  7 10  8 10

Graph 3, order 11.
11 10
0 9  0 10  1 9  2 10  3 10  4 10  5 10  6 10  7 10  8 10

Graph 4, order 11.
11 10
0 9  1 9  2 10  3 10  4 10  5 10  6 10  7 10  8 10  9 10

Graph 5, order 11.
11 10
0 9  0 10  1 9  2 9  3 10  4 10  5 10  6 10  7 10  8 10

Graph 6, order 11.
11 10
0 9  1 9  2 9  3 10  4 10  5 10  6 10  7 10  8 10  9 10

Graph 7, order 11.
11 10
0 9  0 10  1 9  2 9  3 9  4 10  5 10  6 10  7 10  8 10

Graph 8, order 11.
11 10
0 9  1 9  2 9  3 9  4 10  5 10  6 10  7 10  8 10  9 10

Graph 9, order 11.
11 10
0 9  0 10  1 9  2 9  3 9  4 9  5 10  6 10  7 10  8 10

Graph 10, order 11.
11 10
0 8  0 10  1 9  1 10  2 10  3 10  4 10  5 10  6 10  7 10

Graph 11, order 11.
11 10
0 8  0 9  0 10  1 9  2 10  3 10  4 10  5 10  6 10  7 10

Graph 12, order 11.
11 10
0 8  0 9  1 9  1 10  2 10  3 10  4 10  5 10  6 10  7 10

Graph 13, order 11.
11 10
0 8  0 10  1 9  1 10  2 9  3 10  4 10  5 10  6 10  7 10

Graph 14, order 11.
11 10
0 8  0 10  1 9  2 9  3 10  4 10  5 10  6 10  7 10  9 10

Graph 15, order 11.
11 10
0 8  0 9  0 10  1 9  2 9  3 10  4 10  5 10  6 10  7 10

Graph 16, order 11.
11 10
0 8  0 9  1 9  1 10  2 9  3 10  4 10  5 10  6 10  7 10

Graph 17, order 11.
11 10
0 8  0 9  1 9  2 9  3 10  4 10  5 10  6 10  7 10  8 10

Graph 18, order 11.
11 10
0 8  0 9  1 9  2 9  3 10  4 10  5 10  6 10  7 10  9 10

Graph 19, order 11.
11 10
0 8  0 10  1 9  1 10  2 9  3 9  4 10  5 10  6 10  7 10

Graph 20, order 11.
11 10
0 8  0 10  1 9  2 9  3 9  4 10  5 10  6 10  7 10  9 10

Graph 21, order 11.
11 10
0 8  0 9  0 10  1 9  2 9  3 9  4 10  5 10  6 10  7 10

Graph 22, order 11.
11 10
0 8  0 9  1 9  1 10  2 9  3 9  4 10  5 10  6 10  7 10

Graph 23, order 11.
11 10
0 8  0 9  1 9  2 9  3 9  4 10  5 10  6 10  7 10  8 10

Graph 24, order 11.
11 10
0 8  0 10  1 9  1 10  2 9  3 9  4 9  5 10  6 10  7 10

Graph 25, order 11.
11 10
0 8  0 10  1 9  2 9  3 9  4 9  5 10  6 10  7 10  9 10

Graph 26, order 11.
11 10
0 8  0 9  0 10  1 8  2 9  3 10  4 10  5 10  6 10  7 10

Graph 27, order 11.
11 10
0 8  0 9  1 8  1 10  2 9  3 10  4 10  5 10  6 10  7 10

Graph 28, order 11.
11 10
0 8  0 9  1 8  2 9  3 10  4 10  5 10  6 10  7 10  8 10

Graph 29, order 11.
11 10
0 8  0 10  1 8  2 9  2 10  3 9  4 10  5 10  6 10  7 10

Graph 30, order 11.
11 10
0 8  1 8  2 9  2 10  3 9  4 10  5 10  6 10  7 10  8 10

Graph 31, order 11.
11 10
0 8  1 8  2 9  3 9  4 10  5 10  6 10  7 10  8 10  9 10

Graph 32, order 11.
11 10
0 8  0 9  0 10  1 8  2 9  3 9  4 10  5 10  6 10  7 10

Graph 33, order 11.
11 10
0 8  0 9  1 8  1 10  2 9  3 9  4 10  5 10  6 10  7 10

Graph 34, order 11.
11 10
0 8  0 9  1 8  2 9  2 10  3 9  4 10  5 10  6 10  7 10

Graph 35, order 11.
11 10
0 8  0 9  1 8  2 9  3 9  4 10  5 10  6 10  7 10  8 10

Graph 36, order 11.
11 10
0 8  0 9  1 8  2 9  3 9  4 10  5 10  6 10  7 10  9 10

Graph 37, order 11.
11 10
0 8  0 10  1 8  2 9  2 10  3 9  4 9  5 10  6 10  7 10

Graph 38, order 11.
11 10
0 8  1 8  2 9  2 10  3 9  4 9  5 10  6 10  7 10  8 10

Graph 39, order 11.
11 10
0 8  0 10  1 8  2 9  3 9  4 9  5 10  6 10  7 10  9 10

Graph 40, order 11.
11 10
0 8  1 8  2 9  3 9  4 9  5 10  6 10  7 10  8 10  9 10

Graph 41, order 11.
11 10
0 8  0 9  0 10  1 8  2 9  3 9  4 9  5 10  6 10  7 10

Graph 42, order 11.
11 10
0 8  0 9  1 8  1 10  2 9  3 9  4 9  5 10  6 10  7 10

Graph 43, order 11.
11 10
0 8  0 10  1 8  2 9  2 10  3 9  4 9  5 9  6 10  7 10

Graph 44, order 11.
11 10
0 8  0 10  1 8  2 9  3 9  4 10  5 10  6 10  7 10  8 9

Graph 45, order 11.
11 10
0 8  1 8  2 9  3 9  4 10  5 10  6 10  7 10  8 9  8 10

Graph 46, order 11.
11 10
0 8  0 10  1 8  2 9  3 9  4 9  5 10  6 10  7 10  8 9

Graph 47, order 11.
11 10
0 8  1 8  2 9  2 10  3 9  4 9  5 10  6 10  7 10  8 9

Graph 48, order 11.
11 10
0 8  0 9  0 10  1 8  2 8  3 9  4 9  5 10  6 10  7 10

Graph 49, order 11.
11 10
0 8  0 9  1 8  1 10  2 8  3 9  4 9  5 10  6 10  7 10

Graph 50, order 11.
11 10
0 8  0 10  1 8  2 8  3 9  3 10  4 9  5 9  6 10  7 10

Graph 51, order 11.
11 10
0 8  1 8  2 8  3 9  3 10  4 9  5 9  6 10  7 10  8 10

Graph 52, order 11.
11 10
0 8  1 8  2 8  3 9  4 9  5 9  6 10  7 10  8 10  9 10

Graph 53, order 11.
11 10
0 7  0 10  1 8  1 10  2 9  2 10  3 10  4 10  5 10  6 10

Graph 54, order 11.
11 10
0 7  0 9  0 10  1 8  1 10  2 9  3 10  4 10  5 10  6 10

Graph 55, order 11.
11 10
0 7  0 9  1 8  1 10  2 9  2 10  3 10  4 10  5 10  6 10

Graph 56, order 11.
11 10
0 7  0 9  0 10  1 8  1 9  2 9  3 10  4 10  5 10  6 10

Graph 57, order 11.
11 10
0 7  0 9  1 8  1 9  2 9  2 10  3 10  4 10  5 10  6 10

Graph 58, order 11.
11 10
0 7  0 9  1 8  1 9  2 9  3 10  4 10  5 10  6 10  7 10

Graph 59, order 11.
11 10
0 7  0 9  1 8  1 9  2 9  3 10  4 10  5 10  6 10  9 10

Graph 60, order 11.
11 10
0 7  0 10  1 8  1 10  2 9  2 10  3 9  4 10  5 10  6 10

Graph 61, order 11.
11 10
0 7  0 10  1 8  1 10  2 9  3 9  4 10  5 10  6 10  9 10

Graph 62, order 11.
11 10
0 7  0 9  0 10  1 8  1 10  2 9  3 9  4 10  5 10  6 10

Graph 63, order 11.
11 10
0 7  0 9  1 8  1 10  2 9  2 10  3 9  4 10  5 10  6 10

Graph 64, order 11.
11 10
0 7  0 9  1 8  1 10  2 9  3 9  4 10  5 10  6 10  7 10

Graph 65, order 11.
11 10
0 7  0 9  1 8  1 10  2 9  3 9  4 10  5 10  6 10  9 10

Graph 66, order 11.
11 10
0 7  0 10  1 8  1 10  2 9  2 10  3 9  4 9  5 10  6 10

Graph 67, order 11.
11 10
0 7  0 10  1 8  1 10  2 9  3 9  4 9  5 10  6 10  9 10

Graph 68, order 11.
11 10
0 7  0 9  0 10  1 8  1 10  2 9  3 9  4 9  5 10  6 10

Graph 69, order 11.
11 10
0 7  0 9  1 8  1 10  2 9  2 10  3 9  4 9  5 10  6 10

Graph 70, order 11.
11 10
0 7  0 9  1 8  1 10  2 9  3 9  4 9  5 10  6 10  7 10

Graph 71, order 11.
11 10
0 7  0 10  1 8  1 10  2 9  2 10  3 9  4 9  5 9  6 10

Graph 72, order 11.
11 10
0 7  0 8  0 10  1 8  1 9  2 9  3 10  4 10  5 10  6 10

Graph 73, order 11.
11 10
0 7  0 8  1 8  1 9  1 10  2 9  3 10  4 10  5 10  6 10

Graph 74, order 11.
11 10
0 7  0 8  1 8  1 9  2 9  2 10  3 10  4 10  5 10  6 10

Graph 75, order 11.
11 10
0 7  0 8  0 10  1 8  2 9  2 10  3 9  4 10  5 10  6 10

Graph 76, order 11.
11 10
0 7  0 8  1 8  1 10  2 9  2 10  3 9  4 10  5 10  6 10

Graph 77, order 11.
11 10
0 7  0 8  0 10  1 8  2 9  3 9  4 10  5 10  6 10  9 10

Graph 78, order 11.
11 10
0 7  0 8  1 8  1 10  2 9  3 9  4 10  5 10  6 10  9 10

Graph 79, order 11.
11 10
0 7  0 8  0 10  1 8  1 9  2 9  3 9  4 10  5 10  6 10

Graph 80, order 11.
11 10
0 7  0 8  1 8  1 9  1 10  2 9  3 9  4 10  5 10  6 10

Graph 81, order 11.
11 10
0 7  0 8  1 8  1 9  2 9  2 10  3 9  4 10  5 10  6 10

Graph 82, order 11.
11 10
0 7  0 8  1 8  1 9  2 9  3 9  4 10  5 10  6 10  7 10

Graph 83, order 11.
11 10
0 7  0 8  1 8  1 9  2 9  3 9  4 10  5 10  6 10  8 10

Graph 84, order 11.
11 10
0 7  0 8  0 10  1 8  2 9  2 10  3 9  4 9  5 10  6 10

Graph 85, order 11.
11 10
0 7  0 8  1 8  1 10  2 9  2 10  3 9  4 9  5 10  6 10

Graph 86, order 11.
11 10
0 7  0 8  0 10  1 8  2 9  3 9  4 9  5 10  6 10  9 10

Graph 87, order 11.
11 10
0 7  0 8  1 8  1 10  2 9  3 9  4 9  5 10  6 10  9 10

Graph 88, order 11.
11 10
0 7  0 10  1 8  1 9  1 10  2 8  3 9  4 10  5 10  6 10

Graph 89, order 11.
11 10
0 7  0 10  1 8  1 9  2 8  2 10  3 9  4 10  5 10  6 10

Graph 90, order 11.
11 10
0 7  0 10  1 8  1 9  2 8  3 9  4 10  5 10  6 10  8 10

Graph 91, order 11.
11 10
0 7  0 9  0 10  1 8  1 9  2 8  3 9  4 10  5 10  6 10

Graph 92, order 11.
11 10
0 7  0 9  1 8  1 9  1 10  2 8  3 9  4 10  5 10  6 10

Graph 93, order 11.
11 10
0 7  0 9  1 8  1 9  2 8  2 10  3 9  4 10  5 10  6 10

Graph 94, order 11.
11 10
0 7  0 9  1 8  1 9  2 8  3 9  3 10  4 10  5 10  6 10

Graph 95, order 11.
11 10
0 7  0 9  1 8  1 9  2 8  3 9  4 10  5 10  6 10  7 10

Graph 96, order 11.
11 10
0 7  0 9  1 8  1 9  2 8  3 9  4 10  5 10  6 10  8 10

Graph 97, order 11.
11 10
0 7  0 10  1 8  1 10  2 8  3 9  3 10  4 9  5 10  6 10

Graph 98, order 11.
11 10
0 7  0 10  1 8  2 8  3 9  3 10  4 9  5 10  6 10  8 10

Graph 99, order 11.
11 10
0 7  0 10  1 8  2 8  3 9  4 9  5 10  6 10  8 10  9 10

Graph 100, order 11.
11 10
0 7  0 9  0 10  1 8  1 10  2 8  3 9  4 9  5 10  6 10

Graph 101, order 11.
11 10
0 7  0 9  1 8  1 10  2 8  3 9  3 10  4 9  5 10  6 10

Graph 102, order 11.
11 10
0 7  0 9  1 8  1 10  2 8  3 9  4 9  5 10  6 10  7 10

Graph 103, order 11.
11 10
0 7  0 9  0 10  1 8  2 8  3 9  4 9  5 10  6 10  8 10

Graph 104, order 11.
11 10
0 7  0 9  1 8  2 8  3 9  3 10  4 9  5 10  6 10  8 10

Graph 105, order 11.
11 10
0 7  0 9  1 8  2 8  3 9  4 9  5 10  6 10  7 10  8 10

Graph 106, order 11.
11 10
0 7  0 10  1 8  1 9  1 10  2 8  3 9  4 9  5 10  6 10

Graph 107, order 11.
11 10
0 7  0 10  1 8  1 9  2 8  2 10  3 9  4 9  5 10  6 10

Graph 108, order 11.
11 10
0 7  0 10  1 8  1 9  2 8  3 9  3 10  4 9  5 10  6 10

Graph 109, order 11.
11 10
0 7  0 10  1 8  1 9  2 8  3 9  4 9  5 10  6 10  8 10

Graph 110, order 11.
11 10
0 7  0 10  1 8  1 9  2 8  3 9  4 9  5 10  6 10  9 10

Graph 111, order 11.
11 10
0 7  0 10  1 8  1 10  2 8  3 9  3 10  4 9  5 9  6 10

Graph 112, order 11.
11 10
0 7  0 10  1 8  2 8  3 9  3 10  4 9  5 9  6 10  8 10

Graph 113, order 11.
11 10
0 7  0 10  1 8  1 10  2 8  3 9  4 9  5 9  6 10  9 10

Graph 114, order 11.
11 10
0 7  0 10  1 8  2 8  3 9  4 9  5 9  6 10  8 10  9 10

Graph 115, order 11.
11 10
0 7  0 9  0 10  1 8  2 8  3 9  4 10  5 10  6 10  8 9

Graph 116, order 11.
11 10
0 7  0 9  1 8  1 10  2 8  3 9  4 10  5 10  6 10  8 9

Graph 117, order 11.
11 10
0 7  0 9  1 8  2 8  3 9  3 10  4 10  5 10  6 10  8 9

Graph 118, order 11.
11 10
0 7  0 9  1 8  2 8  3 9  4 10  5 10  6 10  7 10  8 9

Graph 119, order 11.
11 10
0 7  0 10  1 8  1 10  2 8  3 9  4 9  5 10  6 10  8 9

Graph 120, order 11.
11 10
0 7  0 10  1 8  2 8  3 9  4 9  5 10  6 10  8 9  8 10

Graph 121, order 11.
11 10
0 7  0 9  1 8  1 9  2 8  3 8  4 9  5 10  6 10  7 10

Graph 122, order 11.
11 10
0 7  0 10  1 8  1 9  2 8  2 10  3 8  4 9  5 9  6 10

Graph 123, order 11.
11 10
0 7  0 10  1 8  1 10  2 8  3 8  4 9  4 10  5 9  6 9

Graph 124, order 11.
11 10
0 7  0 8  0 10  1 7  1 9  2 8  3 9  4 10  5 10  6 10

Graph 125, order 11.
11 10
0 7  0 8  1 7  1 9  2 8  2 10  3 9  4 10  5 10  6 10

Graph 126, order 11.
11 10
0 7  0 8  1 7  1 9  2 8  3 9  4 10  5 10  6 10  7 10

Graph 127, order 11.
11 10
0 7  0 8  1 7  1 9  2 8  3 9  4 10  5 10  6 10  8 10

Graph 128, order 11.
11 10
0 7  0 8  0 10  1 7  2 8  3 9  3 10  4 9  5 10  6 10

Graph 129, order 11.
11 10
0 7  0 8  1 7  1 10  2 8  3 9  3 10  4 9  5 10  6 10

Graph 130, order 11.
11 10
0 7  0 8  1 7  2 8  3 9  3 10  4 9  5 10  6 10  7 10

Graph 131, order 11.
11 10
0 7  0 8  0 10  1 7  2 8  3 9  4 9  5 10  6 10  9 10

Graph 132, order 11.
11 10
0 7  0 8  1 7  1 10  2 8  3 9  4 9  5 10  6 10  9 10

Graph 133, order 11.
11 10
0 7  0 8  1 7  2 8  3 9  4 9  5 10  6 10  7 10  9 10

Graph 134, order 11.
11 10
0 7  0 8  1 7  1 9  2 8  2 10  3 9  4 9  5 10  6 10

Graph 135, order 11.
11 10
0 7  0 8  1 7  1 10  2 8  3 9  3 10  4 9  5 9  6 10

Graph 136, order 11.
11 10
0 7  0 9  1 7  2 8  2 9  3 8  4 9  5 10  6 10  7 10

Graph 137, order 11.
11 10
0 7  0 10  1 7  2 8  2 10  3 8  4 9  4 10  5 9  6 10

Graph 138, order 11.
11 10
0 7  1 7  2 8  2 10  3 8  4 9  4 10  5 9  6 10  7 10

Graph 139, order 11.
11 10
0 7  1 7  2 8  3 8  4 9  4 10  5 9  6 10  7 10  8 10

Graph 140, order 11.
11 10
0 7  1 7  2 8  3 8  4 9  5 9  6 10  7 10  8 10  9 10

Graph 141, order 11.
11 10
0 7  0 9  1 7  1 10  2 8  2 10  3 8  4 9  5 9  6 10

Graph 142, order 11.
11 10
0 7  0 9  1 7  2 8  2 10  3 8  4 9  4 10  5 9  6 10

Graph 143, order 11.
11 10
0 7  0 9  1 7  2 8  2 10  3 8  4 9  5 9  6 10  7 10

Graph 144, order 11.
11 10
0 7  0 9  1 7  1 10  2 8  3 8  4 9  5 9  6 10  8 10

Graph 145, order 11.
11 10
0 7  0 9  1 7  2 8  3 8  4 9  5 9  6 10  7 10  8 10

Graph 146, order 11.
11 10
0 7  0 10  1 7  2 8  2 10  3 8  4 9  4 10  5 9  6 9

Graph 147, order 11.
11 10
0 7  1 7  2 8  2 10  3 8  4 9  4 10  5 9  6 9  7 10

Graph 148, order 11.
11 10
0 7  1 7  2 8  3 8  4 9  4 10  5 9  6 9  7 10  8 10

Graph 149, order 11.
11 10
0 7  1 7  2 8  2 9  3 8  4 9  5 10  6 10  7 9  8 10

Graph 150, order 11.
11 10
0 6  0 9  0 10  1 7  1 9  2 8  2 9  3 10  4 10  5 10

Graph 151, order 11.
11 10
0 6  0 9  1 7  1 9  2 8  2 9  3 10  4 10  5 10  6 10

Graph 152, order 11.
11 10
0 6  0 10  1 7  1 10  2 8  2 10  3 9  3 10  4 10  5 10

Graph 153, order 11.
11 10
0 6  0 9  0 10  1 7  1 10  2 8  2 10  3 9  4 10  5 10

Graph 154, order 11.
11 10
0 6  0 9  1 7  1 10  2 8  2 10  3 9  3 10  4 10  5 10

Graph 155, order 11.
11 10
0 6  0 9  0 10  1 7  1 9  2 8  2 10  3 9  4 10  5 10

Graph 156, order 11.
11 10
0 6  0 9  1 7  1 9  2 8  2 10  3 9  3 10  4 10  5 10

Graph 157, order 11.
11 10
0 6  0 9  1 7  1 9  2 8  2 10  3 9  4 10  5 10  6 10

Graph 158, order 11.
11 10
0 6  0 10  1 7  1 10  2 8  2 10  3 9  3 10  4 9  5 10

Graph 159, order 11.
11 10
0 6  0 10  1 7  1 10  2 8  2 10  3 9  4 9  5 10  9 10

Graph 160, order 11.
11 10
0 6  0 9  0 10  1 7  1 10  2 8  2 10  3 9  4 9  5 10

Graph 161, order 11.
11 10
0 6  0 9  1 7  1 10  2 8  2 10  3 9  3 10  4 9  5 10

Graph 162, order 11.
11 10
0 6  0 9  1 7  1 10  2 8  2 10  3 9  4 9  5 10  6 10

Graph 163, order 11.
11 10
0 6  0 9  1 7  1 10  2 8  2 10  3 9  4 9  5 10  9 10

Graph 164, order 11.
11 10
0 6  0 10  1 7  1 10  2 8  2 10  3 9  3 10  4 9  5 9

Graph 165, order 11.
11 10
0 6  0 10  1 7  1 10  2 8  2 10  3 9  4 9  5 9  9 10

Graph 166, order 11.
11 10
0 6  0 8  0 10  1 7  1 9  1 10  2 8  3 9  4 10  5 10

Graph 167, order 11.
11 10
0 6  0 8  1 7  1 9  1 10  2 8  2 10  3 9  4 10  5 10

Graph 168, order 11.
11 10
0 6  0 8  1 7  1 9  2 8  2 10  3 9  3 10  4 10  5 10

Graph 169, order 11.
11 10
0 6  0 8  0 10  1 7  1 10  2 8  2 9  3 9  4 10  5 10

Graph 170, order 11.
11 10
0 6  0 8  1 7  1 10  2 8  2 9  2 10  3 9  4 10  5 10

Graph 171, order 11.
11 10
0 6  0 8  1 7  1 10  2 8  2 9  3 9  3 10  4 10  5 10

Graph 172, order 11.
11 10
0 6  0 8  0 10  1 7  1 10  2 8  3 9  3 10  4 9  5 10

Graph 173, order 11.
11 10
0 6  0 8  1 7  1 10  2 8  2 10  3 9  3 10  4 9  5 10

Graph 174, order 11.
11 10
0 6  0 8  0 10  1 7  1 10  2 8  3 9  4 9  5 10  9 10

Graph 175, order 11.
11 10
0 6  0 8  1 7  1 10  2 8  2 10  3 9  4 9  5 10  9 10

Graph 176, order 11.
11 10
0 6  0 8  0 10  1 7  1 9  1 10  2 8  3 9  4 9  5 10

Graph 177, order 11.
11 10
0 6  0 8  1 7  1 9  2 8  2 10  3 9  4 9  5 10  7 10

Graph 178, order 11.
11 10
0 6  0 8  0 10  1 7  1 10  2 8  2 9  3 9  4 9  5 10

Graph 179, order 11.
11 10
0 6  0 8  1 7  1 10  2 8  2 9  3 9  3 10  4 9  5 10

Graph 180, order 11.
11 10
0 6  0 8  1 7  1 10  2 8  2 9  3 9  4 9  5 10  6 10

Graph 181, order 11.
11 10
0 6  0 8  0 10  1 7  1 10  2 8  3 9  3 10  4 9  5 9

Graph 182, order 11.
11 10
0 6  0 8  1 7  1 10  2 8  2 10  3 9  3 10  4 9  5 9

Graph 183, order 11.
11 10
0 6  0 9  1 7  1 9  2 8  2 9  3 8  4 10  5 10  8 10

Graph 184, order 11.
11 10
0 6  0 9  1 7  1 9  2 8  3 8  4 9  5 10  6 10  8 10

Graph 185, order 11.
11 10
0 6  0 10  1 7  1 10  2 8  2 9  2 10  3 8  4 9  5 10

Graph 186, order 11.
11 10
0 6  0 10  1 7  1 10  2 8  2 9  3 8  3 10  4 9  5 10

Graph 187, order 11.
11 10
0 6  0 10  1 7  1 10  2 8  2 9  3 8  4 9  5 10  8 10

Graph 188, order 11.
11 10
0 6  0 9  1 7  1 10  2 8  2 9  3 8  3 10  4 9  5 10

Graph 189, order 11.
11 10
0 6  0 9  1 7  1 10  2 8  2 9  3 8  4 9  5 10  6 10

Graph 190, order 11.
11 10
0 6  0 9  1 7  1 10  2 8  2 9  3 8  4 9  5 10  8 10

Graph 191, order 11.
11 10
0 6  0 10  1 7  1 10  2 8  2 10  3 8  4 9  4 10  5 9

Graph 192, order 11.
11 10
0 6  0 10  1 7  1 10  2 8  3 8  4 9  4 10  5 9  8 10

Graph 193, order 11.
11 10
0 6  0 10  1 7  1 10  2 8  3 8  4 9  5 9  8 10  9 10

Graph 194, order 11.
11 10
0 6  0 9  1 7  1 10  2 8  2 10  3 8  4 9  4 10  5 9

Graph 195, order 11.
11 10
0 6  0 9  1 7  1 10  2 8  2 10  3 8  4 9  5 9  6 10

Graph 196, order 11.
11 10
0 6  0 9  0 10  1 7  1 10  2 8  3 8  4 9  5 9  8 10

Graph 197, order 11.
11 10
0 6  0 9  1 7  1 10  2 8  3 8  4 9  4 10  5 9  8 10

Graph 198, order 11.
11 10
0 6  0 9  1 7  1 10  2 8  3 8  4 9  5 9  6 10  8 10

Graph 199, order 11.
11 10
0 6  0 10  1 7  1 10  2 8  2 9  3 8  3 10  4 9  5 9

Graph 200, order 11.
11 10
0 6  0 10  1 7  1 10  2 8  2 9  3 8  4 9  4 10  5 9

Graph 201, order 11.
11 10
0 6  0 10  1 7  1 10  2 8  2 9  3 8  4 9  5 9  8 10

Graph 202, order 11.
11 10
0 6  0 7  1 7  1 8  2 8  2 9  3 9  3 10  4 10  5 10

Graph 203, order 11.
11 10
0 6  0 7  1 7  1 8  2 8  2 10  3 9  3 10  4 9  5 10

Graph 204, order 11.
11 10
0 6  0 7  0 10  1 7  1 8  2 8  3 9  4 9  5 10  9 10

Graph 205, order 11.
11 10
0 6  0 7  1 7  1 8  1 10  2 8  3 9  4 9  5 10  9 10

Graph 206, order 11.
11 10
0 6  0 7  1 7  1 8  2 8  2 10  3 9  4 9  5 10  9 10

Graph 207, order 11.
11 10
0 6  0 7  0 10  1 7  2 8  2 10  3 8  4 9  4 10  5 9

Graph 208, order 11.
11 10
0 6  0 7  1 7  1 10  2 8  2 10  3 8  4 9  4 10  5 9

Graph 209, order 11.
11 10
0 6  0 7  0 10  1 7  2 8  3 8  4 9  4 10  5 9  8 10

Graph 210, order 11.
11 10
0 6  0 7  1 7  1 10  2 8  3 8  4 9  4 10  5 9  8 10

Graph 211, order 11.
11 10
0 6  0 7  0 10  1 7  2 8  3 8  4 9  5 9  8 10  9 10

Graph 212, order 11.
11 10
0 6  0 7  1 7  1 10  2 8  3 8  4 9  5 9  8 10  9 10

Graph 213, order 11.
11 10
0 6  0 9  0 10  1 7  1 8  1 10  2 7  3 8  4 9  5 10

Graph 214, order 11.
11 10
0 6  0 9  1 7  1 8  2 7  2 10  3 8  4 9  4 10  5 10

Graph 215, order 11.
11 10
0 6  0 9  0 10  1 7  1 8  2 7  3 8  4 9  5 10  7 10

Graph 216, order 11.
11 10
0 6  0 9  1 7  1 8  2 7  3 8  4 9  4 10  5 10  7 10

Graph 217, order 11.
11 10
0 6  0 10  1 7  1 8  2 7  2 9  3 8  3 10  4 9  5 10

Graph 218, order 11.
11 10
0 6  0 10  1 7  1 8  2 7  2 9  3 8  4 9  5 10  8 10

Graph 219, order 11.
11 10
0 6  0 10  1 7  1 8  2 7  2 10  3 8  4 9  4 10  5 9

Graph 220, order 11.
11 10
0 6  0 10  1 7  1 8  2 7  3 8  4 9  4 10  5 9  7 10

Graph 221, order 11.
11 10
0 6  0 10  1 7  1 8  1 10  2 7  3 8  4 9  5 9  9 10

Graph 222, order 11.
11 10
0 6  0 10  1 7  1 8  2 7  2 10  3 8  4 9  5 9  9 10

Graph 223, order 11.
11 10
0 6  0 10  1 7  1 8  2 7  3 8  4 9  5 9  7 10  9 10

Graph 224, order 11.
11 10
0 5  0 10  1 6  1 10  2 7  2 10  3 8  3 10  4 9  4 10

Graph 225, order 11.
11 10
0 5  0 9  0 10  1 6  1 10  2 7  2 10  3 8  3 10  4 9

Graph 226, order 11.
11 10
0 5  0 9  1 6  1 10  2 7  2 10  3 8  3 10  4 9  4 10

Graph 227, order 11.
11 10
0 5  0 9  1 6  1 9  2 7  2 10  3 8  3 10  4 9  4 10

Graph 228, order 11.
11 10
0 5  0 9  1 6  1 9  2 7  2 10  3 8  3 10  4 9  5 10

Graph 229, order 11.
11 10
0 5  0 8  0 10  1 6  1 9  1 10  2 7  2 10  3 8  4 9

Graph 230, order 11.
11 10
0 5  0 8  1 6  1 9  1 10  2 7  2 10  3 8  3 10  4 9

Graph 231, order 11.
11 10
0 5  0 8  1 6  1 9  2 7  2 10  3 8  3 10  4 9  4 10

Graph 232, order 11.
11 10
0 5  0 8  0 10  1 6  1 10  2 7  2 10  3 8  3 9  4 9

Graph 233, order 11.
11 10
0 5  0 8  1 6  1 10  2 7  2 10  3 8  3 9  3 10  4 9

Graph 234, order 11.
11 10
0 5  0 8  1 6  1 10  2 7  2 10  3 8  3 9  4 9  4 10

Graph 235, order 11.
11 10
0 5  0 7  1 6  1 10  2 7  2 8  3 8  3 9  4 9  4 10
