
Graph 1, order 12.
12 11
0 11  1 11  2 11  3 11  4 11  5 11  6 11  7 11  8 11  9 11  10 11

Graph 2, order 12.
12 11
0 10  0 11  1 11  2 11  3 11  4 11  5 11  6 11  7 11  8 11  9 11

Graph 3, order 12.
12 11
0 10  0 11  1 10  2 11  3 11  4 11  5 11  6 11  7 11  8 11  9 11

Graph 4, order 12.
12 11
0 10  1 10  2 11  3 11  4 11  5 11  6 11  7 11  8 11  9 11  10 11

Graph 5, order 12.
12 11
0 10  0 11  1 10  2 10  3 11  4 11  5 11  6 11  7 11  8 11  9 11

Graph 6, order 12.
12 11
0 10  1 10  2 10  3 11  4 11  5 11  6 11  7 11  8 11  9 11  10 11

Graph 7, order 12.
12 11
0 10  0 11  1 10  2 10  3 10  4 11  5 11  6 11  7 11  8 11  9 11

Graph 8, order 12.
12 11
0 10  1 10  2 10  3 10  4 11  5 11  6 11  7 11  8 11  9 11  10 11

Graph 9, order 12.
12 11
0 10  0 11  1 10  2 10  3 10  4 10  5 11  6 11  7 11  8 11  9 11

Graph 10, order 12.
12 11
0 10  1 10  2 10  3 10  4 10  5 11  6 11  7 11  8 11  9 11  10 11

Graph 11, order 12.
12 11
0 9  0 11  1 10  1 11  2 11  3 11  4 11  5 11  6 11  7 11  8 11

Graph 12, order 12.
12 11
0 9  0 10  0 11  1 10  2 11  3 11  4 11  5 11  6 11  7 11  8 11

Graph 13, order 12.
12 11
0 9  0 10  1 10  1 11  2 11  3 11  4 11  5 11  6 11  7 11  8 11

Graph 14, order 12.
12 11
0 9  0 11  1 10  1 11  2 10  3 11  4 11  5 11  6 11  7 11  8 11

Graph 15, order 12.
12 11
0 9  0 11  1 10  2 10  3 11  4 11  5 11  6 11  7 11  8 11  10 11

Graph 16, order 12.
12 11
0 9  0 10  0 11  1 10  2 10  3 11  4 11  5 11  6 11  7 11  8 11

Graph 17, order 12.
12 11
0 9  0 10  1 10  1 11  2 10  3 11  4 11  5 11  6 11  7 11  8 11

Graph 18, order 12.
12 11
0 9  0 10  1 10  2 10  3 11  4 11  5 11  6 11  7 11  8 11  9 11

Graph 19, order 12.
12 11
0 9  0 10  1 10  2 10  3 11  4 11  5 11  6 11  7 11  8 11  10 11

Graph 20, order 12.
12 11
0 9  0 11  1 10  1 11  2 10  3 10  4 11  5 11  6 11  7 11  8 11

Graph 21, order 12.
12 11
0 9  0 11  1 10  2 10  3 10  4 11  5 11  6 11  7 11  8 11  10 11

Graph 22, order 12.
12 11
0 9  0 10  0 11  1 10  2 10  3 10  4 11  5 11  6 11  7 11  8 11

Graph 23, order 12.
12 11
0 9  0 10  1 10  1 11  2 10  3 10  4 11  5 11  6 11  7 11  8 11

Graph 24, order 12.
12 11
0 9  0 10  1 10  2 10  3 10  4 11  5 11  6 11  7 11  8 11  9 11

Graph 25, order 12.
12 11
0 9  0 10  1 10  2 10  3 10  4 11  5 11  6 11  7 11  8 11  10 11

Graph 26, order 12.
12 11
0 9  0 11  1 10  1 11  2 10  3 10  4 10  5 11  6 11  7 11  8 11

Graph 27, order 12.
12 11
0 9  0 11  1 10  2 10  3 10  4 10  5 11  6 11  7 11  8 11  10 11

Graph 28, order 12.
12 11
0 9  0 10  0 11  1 10  2 10  3 10  4 10  5 11  6 11  7 11  8 11

Graph 29, order 12.
12 11
0 9  0 10  1 10  2 10  3 10  4 10  5 11  6 11  7 11  8 11  9 11

Graph 30, order 12.
12 11
0 9  0 11  1 10  1 11  2 10  3 10  4 10  5 10  6 11  7 11  8 11

Graph 31, order 12.
12 11
0 9  0 10  0 11  1 9  2 10  3 11  4 11  5 11  6 11  7 11  8 11

Graph 32, order 12.
12 11
0 9  0 10  1 9  1 11  2 10  3 11  4 11  5 11  6 11  7 11  8 11

Graph 33, order 12.
12 11
0 9  0 10  1 9  2 10  3 11  4 11  5 11  6 11  7 11  8 11  9 11

Graph 34, order 12.
12 11
0 9  0 11  1 9  2 10  2 11  3 10  4 11  5 11  6 11  7 11  8 11

Graph 35, order 12.
12 11
0 9  1 9  2 10  2 11  3 10  4 11  5 11  6 11  7 11  8 11  9 11

Graph 36, order 12.
12 11
0 9  1 9  2 10  3 10  4 11  5 11  6 11  7 11  8 11  9 11  10 11

Graph 37, order 12.
12 11
0 9  0 10  0 11  1 9  2 10  3 10  4 11  5 11  6 11  7 11  8 11

Graph 38, order 12.
12 11
0 9  0 10  1 9  1 11  2 10  3 10  4 11  5 11  6 11  7 11  8 11

Graph 39, order 12.
12 11
0 9  0 10  1 9  2 10  2 11  3 10  4 11  5 11  6 11  7 11  8 11

Graph 40, order 12.
12 11
0 9  0 10  1 9  2 10  3 10  4 11  5 11  6 11  7 11  8 11  9 11

Graph 41, order 12.
12 11
0 9  0 10  1 9  2 10  3 10  4 11  5 11  6 11  7 11  8 11  10 11

Graph 42, order 12.
12 11
0 9  0 11  1 9  2 10  2 11  3 10  4 10  5 11  6 11  7 11  8 11

Graph 43, order 12.
12 11
0 9  1 9  2 10  2 11  3 10  4 10  5 11  6 11  7 11  8 11  9 11

Graph 44, order 12.
12 11
0 9  0 11  1 9  2 10  3 10  4 10  5 11  6 11  7 11  8 11  10 11

Graph 45, order 12.
12 11
0 9  1 9  2 10  3 10  4 10  5 11  6 11  7 11  8 11  9 11  10 11

Graph 46, order 12.
12 11
0 9  0 10  0 11  1 9  2 10  3 10  4 10  5 11  6 11  7 11  8 11

Graph 47, order 12.
12 11
0 9  0 10  1 9  1 11  2 10  3 10  4 10  5 11  6 11  7 11  8 11

Graph 48, order 12.
12 11
0 9  0 10  1 9  2 10  2 11  3 10  4 10  5 11  6 11  7 11  8 11

Graph 49, order 12.
12 11
0 9  0 10  1 9  2 10  3 10  4 10  5 11  6 11  7 11  8 11  9 11

Graph 50, order 12.
12 11
0 9  0 11  1 9  2 10  2 11  3 10  4 10  5 10  6 11  7 11  8 11

Graph 51, order 12.
12 11
0 9  1 9  2 10  2 11  3 10  4 10  5 10  6 11  7 11  8 11  9 11

Graph 52, order 12.
12 11
0 9  0 11  1 9  2 10  3 10  4 10  5 10  6 11  7 11  8 11  10 11

Graph 53, order 12.
12 11
0 9  0 11  1 9  2 10  3 10  4 11  5 11  6 11  7 11  8 11  9 10

Graph 54, order 12.
12 11
0 9  1 9  2 10  3 10  4 11  5 11  6 11  7 11  8 11  9 10  9 11

Graph 55, order 12.
12 11
0 9  0 11  1 9  2 10  3 10  4 10  5 11  6 11  7 11  8 11  9 10

Graph 56, order 12.
12 11
0 9  1 9  2 10  2 11  3 10  4 10  5 11  6 11  7 11  8 11  9 10

Graph 57, order 12.
12 11
0 9  1 9  2 10  3 10  4 10  5 11  6 11  7 11  8 11  9 10  9 11

Graph 58, order 12.
12 11
0 9  1 9  2 10  3 10  4 10  5 11  6 11  7 11  8 11  9 10  10 11

Graph 59, order 12.
12 11
0 9  0 10  0 11  1 9  2 9  3 10  4 10  5 11  6 11  7 11  8 11

Graph 60, order 12.
12 11
0 9  0 10  1 9  1 11  2 9  3 10  4 10  5 11  6 11  7 11  8 11

Graph 61, order 12.
12 11
0 9  0 10  1 9  2 9  3 10  4 10  5 11  6 11  7 11  8 11  9 11

Graph 62, order 12.
12 11
0 9  0 11  1 9  2 9  3 10  3 11  4 10  5 10  6 11  7 11  8 11

Graph 63, order 12.
12 11
0 9  1 9  2 9  3 10  3 11  4 10  5 10  6 11  7 11  8 11  9 11

Graph 64, order 12.
12 11
0 9  1 9  2 9  3 10  4 10  5 10  6 11  7 11  8 11  9 11  10 11

Graph 65, order 12.
12 11
0 9  0 10  0 11  1 9  2 9  3 10  4 10  5 10  6 11  7 11  8 11

Graph 66, order 12.
12 11
0 9  0 10  1 9  1 11  2 9  3 10  4 10  5 10  6 11  7 11  8 11

Graph 67, order 12.
12 11
0 9  0 10  1 9  2 9  3 10  4 10  5 10  6 11  7 11  8 11  9 11

Graph 68, order 12.
12 11
0 9  0 11  1 9  2 9  3 10  3 11  4 10  5 10  6 10  7 11  8 11

Graph 69, order 12.
12 11
0 8  0 11  1 9  1 11  2 10  2 11  3 11  4 11  5 11  6 11  7 11

Graph 70, order 12.
12 11
0 8  0 10  0 11  1 9  1 11  2 10  3 11  4 11  5 11  6 11  7 11

Graph 71, order 12.
12 11
0 8  0 10  1 9  1 11  2 10  2 11  3 11  4 11  5 11  6 11  7 11

Graph 72, order 12.
12 11
0 8  0 10  0 11  1 9  1 10  2 10  3 11  4 11  5 11  6 11  7 11

Graph 73, order 12.
12 11
0 8  0 10  1 9  1 10  2 10  2 11  3 11  4 11  5 11  6 11  7 11

Graph 74, order 12.
12 11
0 8  0 10  1 9  1 10  2 10  3 11  4 11  5 11  6 11  7 11  8 11

Graph 75, order 12.
12 11
0 8  0 10  1 9  1 10  2 10  3 11  4 11  5 11  6 11  7 11  10 11

Graph 76, order 12.
12 11
0 8  0 11  1 9  1 11  2 10  2 11  3 10  4 11  5 11  6 11  7 11

Graph 77, order 12.
12 11
0 8  0 11  1 9  1 11  2 10  3 10  4 11  5 11  6 11  7 11  10 11

Graph 78, order 12.
12 11
0 8  0 10  0 11  1 9  1 11  2 10  3 10  4 11  5 11  6 11  7 11

Graph 79, order 12.
12 11
0 8  0 10  1 9  1 11  2 10  2 11  3 10  4 11  5 11  6 11  7 11

Graph 80, order 12.
12 11
0 8  0 10  1 9  1 11  2 10  3 10  4 11  5 11  6 11  7 11  8 11

Graph 81, order 12.
12 11
0 8  0 10  1 9  1 11  2 10  3 10  4 11  5 11  6 11  7 11  10 11

Graph 82, order 12.
12 11
0 8  0 10  0 11  1 9  1 10  2 10  3 10  4 11  5 11  6 11  7 11

Graph 83, order 12.
12 11
0 8  0 10  1 9  1 10  2 10  2 11  3 10  4 11  5 11  6 11  7 11

Graph 84, order 12.
12 11
0 8  0 10  1 9  1 10  2 10  3 10  4 11  5 11  6 11  7 11  8 11

Graph 85, order 12.
12 11
0 8  0 11  1 9  1 11  2 10  2 11  3 10  4 10  5 11  6 11  7 11

Graph 86, order 12.
12 11
0 8  0 11  1 9  1 11  2 10  3 10  4 10  5 11  6 11  7 11  10 11

Graph 87, order 12.
12 11
0 8  0 10  0 11  1 9  1 11  2 10  3 10  4 10  5 11  6 11  7 11

Graph 88, order 12.
12 11
0 8  0 10  1 9  1 11  2 10  2 11  3 10  4 10  5 11  6 11  7 11

Graph 89, order 12.
12 11
0 8  0 10  1 9  1 11  2 10  3 10  4 10  5 11  6 11  7 11  8 11

Graph 90, order 12.
12 11
0 8  0 10  1 9  1 11  2 10  3 10  4 10  5 11  6 11  7 11  10 11

Graph 91, order 12.
12 11
0 8  0 11  1 9  1 11  2 10  2 11  3 10  4 10  5 10  6 11  7 11

Graph 92, order 12.
12 11
0 8  0 11  1 9  1 11  2 10  3 10  4 10  5 10  6 11  7 11  10 11

Graph 93, order 12.
12 11
0 8  0 9  0 11  1 9  1 10  2 10  3 11  4 11  5 11  6 11  7 11

Graph 94, order 12.
12 11
0 8  0 9  1 9  1 10  1 11  2 10  3 11  4 11  5 11  6 11  7 11

Graph 95, order 12.
12 11
0 8  0 9  1 9  1 10  2 10  2 11  3 11  4 11  5 11  6 11  7 11

Graph 96, order 12.
12 11
0 8  0 9  0 11  1 9  2 10  2 11  3 10  4 11  5 11  6 11  7 11

Graph 97, order 12.
12 11
0 8  0 9  1 9  1 11  2 10  2 11  3 10  4 11  5 11  6 11  7 11

Graph 98, order 12.
12 11
0 8  0 9  0 11  1 9  2 10  3 10  4 11  5 11  6 11  7 11  10 11

Graph 99, order 12.
12 11
0 8  0 9  1 9  1 11  2 10  3 10  4 11  5 11  6 11  7 11  10 11

Graph 100, order 12.
12 11
0 8  0 9  0 11  1 9  1 10  2 10  3 10  4 11  5 11  6 11  7 11

Graph 101, order 12.
12 11
0 8  0 9  1 9  1 10  1 11  2 10  3 10  4 11  5 11  6 11  7 11

Graph 102, order 12.
12 11
0 8  0 9  1 9  1 10  2 10  2 11  3 10  4 11  5 11  6 11  7 11

Graph 103, order 12.
12 11
0 8  0 9  1 9  1 10  2 10  3 10  4 11  5 11  6 11  7 11  8 11

Graph 104, order 12.
12 11
0 8  0 9  1 9  1 10  2 10  3 10  4 11  5 11  6 11  7 11  9 11

Graph 105, order 12.
12 11
0 8  0 9  1 9  1 10  2 10  3 10  4 11  5 11  6 11  7 11  10 11

Graph 106, order 12.
12 11
0 8  0 9  0 11  1 9  2 10  2 11  3 10  4 10  5 11  6 11  7 11

Graph 107, order 12.
12 11
0 8  0 9  1 9  1 11  2 10  2 11  3 10  4 10  5 11  6 11  7 11

Graph 108, order 12.
12 11
0 8  0 9  0 11  1 9  2 10  3 10  4 10  5 11  6 11  7 11  10 11

Graph 109, order 12.
12 11
0 8  0 9  1 9  1 11  2 10  3 10  4 10  5 11  6 11  7 11  10 11

Graph 110, order 12.
12 11
0 8  0 9  0 10  1 9  1 11  2 10  3 10  4 10  5 11  6 11  7 11

Graph 111, order 12.
12 11
0 8  0 9  0 10  1 9  2 10  3 10  4 10  5 11  6 11  7 11  8 11

Graph 112, order 12.
12 11
0 8  0 9  0 10  1 9  2 10  3 10  4 10  5 11  6 11  7 11  9 11

Graph 113, order 12.
12 11
0 8  0 9  1 9  1 10  1 11  2 10  3 10  4 10  5 11  6 11  7 11

Graph 114, order 12.
12 11
0 8  0 9  1 9  1 10  2 10  3 10  4 10  5 11  6 11  7 11  8 11

Graph 115, order 12.
12 11
0 8  0 9  0 11  1 9  2 10  2 11  3 10  4 10  5 10  6 11  7 11

Graph 116, order 12.
12 11
0 8  0 9  1 9  1 11  2 10  2 11  3 10  4 10  5 10  6 11  7 11

Graph 117, order 12.
12 11
0 8  0 11  1 9  1 10  1 11  2 9  3 10  4 11  5 11  6 11  7 11

Graph 118, order 12.
12 11
0 8  0 11  1 9  1 10  2 9  2 11  3 10  4 11  5 11  6 11  7 11

Graph 119, order 12.
12 11
0 8  0 11  1 9  1 10  2 9  3 10  4 11  5 11  6 11  7 11  9 11

Graph 120, order 12.
12 11
0 8  0 10  0 11  1 9  1 10  2 9  3 10  4 11  5 11  6 11  7 11

Graph 121, order 12.
12 11
0 8  0 10  1 9  1 10  1 11  2 9  3 10  4 11  5 11  6 11  7 11

Graph 122, order 12.
12 11
0 8  0 10  1 9  1 10  2 9  2 11  3 10  4 11  5 11  6 11  7 11

Graph 123, order 12.
12 11
0 8  0 10  1 9  1 10  2 9  3 10  3 11  4 11  5 11  6 11  7 11

Graph 124, order 12.
12 11
0 8  0 10  1 9  1 10  2 9  3 10  4 11  5 11  6 11  7 11  8 11

Graph 125, order 12.
12 11
0 8  0 10  1 9  1 10  2 9  3 10  4 11  5 11  6 11  7 11  9 11

Graph 126, order 12.
12 11
0 8  0 10  1 9  1 10  2 9  3 10  4 11  5 11  6 11  7 11  10 11

Graph 127, order 12.
12 11
0 8  0 11  1 9  1 11  2 9  3 10  3 11  4 10  5 11  6 11  7 11

Graph 128, order 12.
12 11
0 8  0 11  1 9  2 9  3 10  3 11  4 10  5 11  6 11  7 11  9 11

Graph 129, order 12.
12 11
0 8  0 11  1 9  2 9  3 10  4 10  5 11  6 11  7 11  9 11  10 11

Graph 130, order 12.
12 11
0 8  0 10  0 11  1 9  1 11  2 9  3 10  4 10  5 11  6 11  7 11

Graph 131, order 12.
12 11
0 8  0 10  1 9  1 11  2 9  3 10  3 11  4 10  5 11  6 11  7 11

Graph 132, order 12.
12 11
0 8  0 10  1 9  1 11  2 9  3 10  4 10  5 11  6 11  7 11  8 11

Graph 133, order 12.
12 11
0 8  0 10  0 11  1 9  2 9  3 10  4 10  5 11  6 11  7 11  9 11

Graph 134, order 12.
12 11
0 8  0 10  1 9  2 9  3 10  3 11  4 10  5 11  6 11  7 11  9 11

Graph 135, order 12.
12 11
0 8  0 10  1 9  2 9  3 10  4 10  5 11  6 11  7 11  8 11  9 11

Graph 136, order 12.
12 11
0 8  0 10  1 9  1 11  2 9  3 10  4 10  5 11  6 11  7 11  10 11

Graph 137, order 12.
12 11
0 8  0 10  1 9  2 9  3 10  4 10  5 11  6 11  7 11  9 11  10 11

Graph 138, order 12.
12 11
0 8  0 11  1 9  1 10  1 11  2 9  3 10  4 10  5 11  6 11  7 11

Graph 139, order 12.
12 11
0 8  0 11  1 9  1 10  2 9  2 11  3 10  4 10  5 11  6 11  7 11

Graph 140, order 12.
12 11
0 8  0 11  1 9  1 10  2 9  3 10  3 11  4 10  5 11  6 11  7 11

Graph 141, order 12.
12 11
0 8  0 11  1 9  1 10  2 9  3 10  4 10  5 11  6 11  7 11  9 11

Graph 142, order 12.
12 11
0 8  0 11  1 9  1 10  2 9  3 10  4 10  5 11  6 11  7 11  10 11

Graph 143, order 12.
12 11
0 8  0 11  1 9  1 11  2 9  3 10  3 11  4 10  5 10  6 11  7 11

Graph 144, order 12.
12 11
0 8  0 11  1 9  2 9  3 10  3 11  4 10  5 10  6 11  7 11  9 11

Graph 145, order 12.
12 11
0 8  0 11  1 9  1 11  2 9  3 10  4 10  5 10  6 11  7 11  10 11

Graph 146, order 12.
12 11
0 8  0 11  1 9  2 9  3 10  4 10  5 10  6 11  7 11  9 11  10 11

Graph 147, order 12.
12 11
0 8  0 10  0 11  1 9  1 11  2 9  3 10  4 10  5 10  6 11  7 11

Graph 148, order 12.
12 11
0 8  0 10  1 9  1 11  2 9  3 10  4 10  5 10  6 11  7 11  8 11

Graph 149, order 12.
12 11
0 8  0 11  1 9  1 10  1 11  2 9  3 10  4 10  5 10  6 11  7 11

Graph 150, order 12.
12 11
0 8  0 11  1 9  1 10  2 9  2 11  3 10  4 10  5 10  6 11  7 11

Graph 151, order 12.
12 11
0 8  0 11  1 9  1 10  2 9  3 10  3 11  4 10  5 10  6 11  7 11

Graph 152, order 12.
12 11
0 8  0 11  1 9  1 10  2 9  3 10  4 10  5 10  6 11  7 11  9 11

Graph 153, order 12.
12 11
0 8  0 11  1 9  1 11  2 9  3 10  3 11  4 10  5 10  6 10  7 11

Graph 154, order 12.
12 11
0 8  0 11  1 9  2 9  3 10  3 11  4 10  5 10  6 10  7 11  9 11

Graph 155, order 12.
12 11
0 8  0 10  0 11  1 9  2 9  3 10  4 11  5 11  6 11  7 11  9 10

Graph 156, order 12.
12 11
0 8  0 10  1 9  1 11  2 9  3 10  4 11  5 11  6 11  7 11  9 10

Graph 157, order 12.
12 11
0 8  0 10  1 9  2 9  3 10  3 11  4 11  5 11  6 11  7 11  9 10

Graph 158, order 12.
12 11
0 8  0 10  1 9  2 9  3 10  4 11  5 11  6 11  7 11  8 11  9 10

Graph 159, order 12.
12 11
0 8  0 10  1 9  2 9  3 10  4 11  5 11  6 11  7 11  9 10  9 11

Graph 160, order 12.
12 11
0 8  0 10  1 9  2 9  3 10  4 11  5 11  6 11  7 11  9 10  10 11

Graph 161, order 12.
12 11
0 8  0 11  1 9  1 11  2 9  3 10  4 10  5 11  6 11  7 11  9 10

Graph 162, order 12.
12 11
0 8  0 11  1 9  2 9  3 10  4 10  5 11  6 11  7 11  9 10  9 11

Graph 163, order 12.
12 11
0 8  0 10  0 11  1 9  2 9  3 10  4 10  5 11  6 11  7 11  9 10

Graph 164, order 12.
12 11
0 8  0 10  1 9  2 9  3 10  4 10  5 11  6 11  7 11  8 11  9 10

Graph 165, order 12.
12 11
0 8  0 11  1 9  1 11  2 9  3 10  4 10  5 10  6 11  7 11  9 10

Graph 166, order 12.
12 11
0 8  0 11  1 9  2 9  3 10  3 11  4 10  5 10  6 11  7 11  9 10

Graph 167, order 12.
12 11
0 8  0 9  0 10  1 9  1 11  2 9  3 10  4 10  5 11  6 11  7 11

Graph 168, order 12.
12 11
0 8  0 9  0 10  1 9  2 9  3 10  4 10  5 11  6 11  7 11  8 11

Graph 169, order 12.
12 11
0 8  0 9  0 10  1 9  2 9  3 10  4 10  5 11  6 11  7 11  9 11

Graph 170, order 12.
12 11
0 8  0 9  0 11  1 9  2 9  3 10  4 10  5 11  6 11  7 11  8 10

Graph 171, order 12.
12 11
0 8  0 9  1 9  1 11  2 9  3 10  4 10  5 11  6 11  7 11  8 10

Graph 172, order 12.
12 11
0 8  0 10  0 11  1 9  1 10  2 9  3 9  4 10  5 11  6 11  7 11

Graph 173, order 12.
12 11
0 8  0 10  1 9  1 10  1 11  2 9  3 9  4 10  5 11  6 11  7 11

Graph 174, order 12.
12 11
0 8  0 10  1 9  1 10  2 9  2 11  3 9  4 10  5 11  6 11  7 11

Graph 175, order 12.
12 11
0 8  0 10  1 9  1 10  2 9  3 9  4 10  4 11  5 11  6 11  7 11

Graph 176, order 12.
12 11
0 8  0 10  1 9  1 10  2 9  3 9  4 10  5 11  6 11  7 11  8 11

Graph 177, order 12.
12 11
0 8  0 10  0 11  1 9  1 11  2 9  3 9  4 10  5 10  6 11  7 11

Graph 178, order 12.
12 11
0 8  0 10  1 9  1 11  2 9  3 9  4 10  4 11  5 10  6 11  7 11

Graph 179, order 12.
12 11
0 8  0 10  1 9  1 11  2 9  3 9  4 10  5 10  6 11  7 11  8 11

Graph 180, order 12.
12 11
0 8  0 10  1 9  2 9  3 9  4 10  4 11  5 10  6 11  7 11  9 11

Graph 181, order 12.
12 11
0 8  0 10  1 9  2 9  3 9  4 10  5 10  6 11  7 11  8 11  9 11

Graph 182, order 12.
12 11
0 8  0 10  1 9  2 9  3 9  4 10  5 10  6 11  7 11  9 11  10 11

Graph 183, order 12.
12 11
0 8  0 11  1 9  1 10  1 11  2 9  3 9  4 10  5 10  6 11  7 11

Graph 184, order 12.
12 11
0 8  0 11  1 9  1 10  2 9  2 11  3 9  4 10  5 10  6 11  7 11

Graph 185, order 12.
12 11
0 8  0 11  1 9  1 10  2 9  3 9  4 10  5 10  6 11  7 11  9 11

Graph 186, order 12.
12 11
0 8  0 11  1 9  1 11  2 9  3 9  4 10  4 11  5 10  6 10  7 11

Graph 187, order 12.
12 11
0 8  0 11  1 9  2 9  3 9  4 10  4 11  5 10  6 10  7 11  9 11

Graph 188, order 12.
12 11
0 8  0 11  1 9  2 9  3 9  4 10  5 10  6 10  7 11  9 11  10 11

Graph 189, order 12.
12 11
0 8  0 9  0 11  1 8  1 10  2 9  3 10  4 11  5 11  6 11  7 11

Graph 190, order 12.
12 11
0 8  0 9  1 8  1 10  2 9  2 11  3 10  4 11  5 11  6 11  7 11

Graph 191, order 12.
12 11
0 8  0 9  1 8  1 10  2 9  3 10  4 11  5 11  6 11  7 11  8 11

Graph 192, order 12.
12 11
0 8  0 9  1 8  1 10  2 9  3 10  4 11  5 11  6 11  7 11  9 11

Graph 193, order 12.
12 11
0 8  0 9  0 11  1 8  2 9  3 10  3 11  4 10  5 11  6 11  7 11

Graph 194, order 12.
12 11
0 8  0 9  1 8  1 11  2 9  3 10  3 11  4 10  5 11  6 11  7 11

Graph 195, order 12.
12 11
0 8  0 9  1 8  2 9  3 10  3 11  4 10  5 11  6 11  7 11  8 11

Graph 196, order 12.
12 11
0 8  0 9  0 11  1 8  2 9  3 10  4 10  5 11  6 11  7 11  10 11

Graph 197, order 12.
12 11
0 8  0 9  1 8  1 11  2 9  3 10  4 10  5 11  6 11  7 11  10 11

Graph 198, order 12.
12 11
0 8  0 9  1 8  2 9  3 10  4 10  5 11  6 11  7 11  8 11  10 11

Graph 199, order 12.
12 11
0 8  0 9  0 11  1 8  1 10  2 9  3 10  4 10  5 11  6 11  7 11

Graph 200, order 12.
12 11
0 8  0 9  1 8  1 10  1 11  2 9  3 10  4 10  5 11  6 11  7 11

Graph 201, order 12.
12 11
0 8  0 9  1 8  1 10  2 9  2 11  3 10  4 10  5 11  6 11  7 11

Graph 202, order 12.
12 11
0 8  0 9  1 8  1 10  2 9  3 10  3 11  4 10  5 11  6 11  7 11

Graph 203, order 12.
12 11
0 8  0 9  1 8  1 10  2 9  3 10  4 10  5 11  6 11  7 11  8 11

Graph 204, order 12.
12 11
0 8  0 9  1 8  1 10  2 9  3 10  4 10  5 11  6 11  7 11  9 11

Graph 205, order 12.
12 11
0 8  0 9  0 11  1 8  2 9  3 10  3 11  4 10  5 10  6 11  7 11

Graph 206, order 12.
12 11
0 8  0 9  1 8  1 11  2 9  3 10  3 11  4 10  5 10  6 11  7 11

Graph 207, order 12.
12 11
0 8  0 9  1 8  2 9  3 10  3 11  4 10  5 10  6 11  7 11  8 11

Graph 208, order 12.
12 11
0 8  0 9  1 8  1 11  2 9  3 10  4 10  5 10  6 11  7 11  10 11

Graph 209, order 12.
12 11
0 8  0 9  1 8  2 9  3 10  4 10  5 10  6 11  7 11  8 11  10 11

Graph 210, order 12.
12 11
0 8  0 10  0 11  1 8  2 9  2 10  3 9  4 10  5 11  6 11  7 11

Graph 211, order 12.
12 11
0 8  0 10  1 8  1 11  2 9  2 10  3 9  4 10  5 11  6 11  7 11

Graph 212, order 12.
12 11
0 8  0 10  1 8  2 9  2 10  3 9  4 10  4 11  5 11  6 11  7 11

Graph 213, order 12.
12 11
0 8  0 10  1 8  2 9  2 10  3 9  4 10  5 11  6 11  7 11  8 11

Graph 214, order 12.
12 11
0 8  0 11  1 8  2 9  2 11  3 9  4 10  4 11  5 10  6 11  7 11

Graph 215, order 12.
12 11
0 8  1 8  2 9  2 11  3 9  4 10  4 11  5 10  6 11  7 11  8 11

Graph 216, order 12.
12 11
0 8  1 8  2 9  3 9  4 10  4 11  5 10  6 11  7 11  8 11  9 11

Graph 217, order 12.
12 11
0 8  1 8  2 9  3 9  4 10  5 10  6 11  7 11  8 11  9 11  10 11

Graph 218, order 12.
12 11
0 8  0 10  0 11  1 8  2 9  2 11  3 9  4 10  5 10  6 11  7 11

Graph 219, order 12.
12 11
0 8  0 10  1 8  1 11  2 9  2 11  3 9  4 10  5 10  6 11  7 11

Graph 220, order 12.
12 11
0 8  0 10  1 8  2 9  2 11  3 9  4 10  4 11  5 10  6 11  7 11

Graph 221, order 12.
12 11
0 8  0 10  1 8  2 9  2 11  3 9  4 10  5 10  6 11  7 11  8 11

Graph 222, order 12.
12 11
0 8  0 10  0 11  1 8  2 9  3 9  4 10  5 10  6 11  7 11  9 11

Graph 223, order 12.
12 11
0 8  0 10  1 8  1 11  2 9  3 9  4 10  5 10  6 11  7 11  9 11

Graph 224, order 12.
12 11
0 8  0 10  1 8  2 9  3 9  4 10  4 11  5 10  6 11  7 11  9 11

Graph 225, order 12.
12 11
0 8  0 10  1 8  2 9  3 9  4 10  5 10  6 11  7 11  8 11  9 11

Graph 226, order 12.
12 11
0 8  0 10  1 8  2 9  2 11  3 9  4 10  5 10  6 11  7 11  10 11

Graph 227, order 12.
12 11
0 8  0 11  1 8  2 9  2 11  3 9  4 10  4 11  5 10  6 10  7 11

Graph 228, order 12.
12 11
0 8  1 8  2 9  2 11  3 9  4 10  4 11  5 10  6 10  7 11  8 11

Graph 229, order 12.
12 11
0 8  1 8  2 9  3 9  4 10  4 11  5 10  6 10  7 11  8 11  9 11

Graph 230, order 12.
12 11
0 8  0 11  1 8  2 9  2 11  3 9  4 10  5 10  6 10  7 11  10 11

Graph 231, order 12.
12 11
0 8  1 8  2 9  2 11  3 9  4 10  5 10  6 10  7 11  8 11  10 11

Graph 232, order 12.
12 11
0 8  1 8  2 9  3 9  4 10  5 10  6 10  7 11  8 11  9 11  10 11

Graph 233, order 12.
12 11
0 8  0 11  1 8  2 9  2 10  3 9  4 10  5 11  6 11  7 11  8 10

Graph 234, order 12.
12 11
0 8  1 8  2 9  2 10  2 11  3 9  4 10  5 11  6 11  7 11  8 10

Graph 235, order 12.
12 11
0 8  1 8  2 9  2 10  3 9  3 11  4 10  5 11  6 11  7 11  8 10

Graph 236, order 12.
12 11
0 8  1 8  2 9  2 10  3 9  4 10  4 11  5 11  6 11  7 11  8 10

Graph 237, order 12.
12 11
0 8  1 8  2 9  2 10  3 9  4 10  5 11  6 11  7 11  8 10  9 11

Graph 238, order 12.
12 11
0 8  0 11  1 8  2 9  2 11  3 9  4 10  5 10  6 11  7 11  8 10

Graph 239, order 12.
12 11
0 8  1 8  2 9  2 11  3 9  4 10  5 10  6 11  7 11  8 10  8 11

Graph 240, order 12.
12 11
0 8  0 11  1 8  2 9  3 9  4 10  5 10  6 11  7 11  8 10  9 11

Graph 241, order 12.
12 11
0 8  1 8  2 9  3 9  4 10  5 10  6 11  7 11  8 10  8 11  9 11

Graph 242, order 12.
12 11
0 8  0 10  1 8  1 11  2 9  2 10  3 9  4 9  5 10  6 11  7 11

Graph 243, order 12.
12 11
0 8  0 10  1 8  2 9  2 11  3 9  4 9  5 10  6 10  7 11  8 11

Graph 244, order 12.
12 11
0 8  0 11  1 8  2 9  2 10  3 9  3 11  4 9  5 10  6 10  7 11

Graph 245, order 12.
12 11
0 8  1 8  2 9  2 10  3 9  3 11  4 9  5 10  6 10  7 11  8 11

Graph 246, order 12.
12 11
0 8  0 11  1 8  2 9  2 11  3 9  4 9  5 10  5 11  6 10  7 10

Graph 247, order 12.
12 11
0 8  1 8  2 9  2 11  3 9  4 9  5 10  5 11  6 10  7 10  8 11

Graph 248, order 12.
12 11
0 7  0 10  0 11  1 8  1 10  2 9  2 10  3 11  4 11  5 11  6 11

Graph 249, order 12.
12 11
0 7  0 10  1 8  1 10  2 9  2 10  3 11  4 11  5 11  6 11  7 11

Graph 250, order 12.
12 11
0 7  0 10  1 8  1 10  2 9  2 10  3 11  4 11  5 11  6 11  10 11

Graph 251, order 12.
12 11
0 7  0 11  1 8  1 11  2 9  2 11  3 10  3 11  4 11  5 11  6 11

Graph 252, order 12.
12 11
0 7  0 10  0 11  1 8  1 11  2 9  2 11  3 10  4 11  5 11  6 11

Graph 253, order 12.
12 11
0 7  0 10  1 8  1 11  2 9  2 11  3 10  3 11  4 11  5 11  6 11

Graph 254, order 12.
12 11
0 7  0 10  0 11  1 8  1 10  2 9  2 11  3 10  4 11  5 11  6 11

Graph 255, order 12.
12 11
0 7  0 10  1 8  1 10  2 9  2 11  3 10  3 11  4 11  5 11  6 11

Graph 256, order 12.
12 11
0 7  0 10  1 8  1 10  2 9  2 11  3 10  4 11  5 11  6 11  7 11

Graph 257, order 12.
12 11
0 7  0 10  1 8  1 10  2 9  2 11  3 10  4 11  5 11  6 11  10 11

Graph 258, order 12.
12 11
0 7  0 11  1 8  1 11  2 9  2 11  3 10  3 11  4 10  5 11  6 11

Graph 259, order 12.
12 11
0 7  0 11  1 8  1 11  2 9  2 11  3 10  4 10  5 11  6 11  10 11

Graph 260, order 12.
12 11
0 7  0 10  0 11  1 8  1 11  2 9  2 11  3 10  4 10  5 11  6 11

Graph 261, order 12.
12 11
0 7  0 10  1 8  1 11  2 9  2 11  3 10  3 11  4 10  5 11  6 11

Graph 262, order 12.
12 11
0 7  0 10  1 8  1 11  2 9  2 11  3 10  4 10  5 11  6 11  7 11

Graph 263, order 12.
12 11
0 7  0 10  1 8  1 11  2 9  2 11  3 10  4 10  5 11  6 11  10 11

Graph 264, order 12.
12 11
0 7  0 10  0 11  1 8  1 10  2 9  2 11  3 10  4 10  5 11  6 11

Graph 265, order 12.
12 11
0 7  0 10  1 8  1 10  2 9  2 11  3 10  4 10  5 11  6 11  7 11

Graph 266, order 12.
12 11
0 7  0 11  1 8  1 11  2 9  2 11  3 10  3 11  4 10  5 10  6 11

Graph 267, order 12.
12 11
0 7  0 11  1 8  1 11  2 9  2 11  3 10  4 10  5 10  6 11  10 11

Graph 268, order 12.
12 11
0 7  0 10  0 11  1 8  1 11  2 9  2 11  3 10  4 10  5 10  6 11

Graph 269, order 12.
12 11
0 7  0 10  1 8  1 11  2 9  2 11  3 10  3 11  4 10  5 10  6 11

Graph 270, order 12.
12 11
0 7  0 10  1 8  1 11  2 9  2 11  3 10  4 10  5 10  6 11  7 11

Graph 271, order 12.
12 11
0 7  0 11  1 8  1 11  2 9  2 11  3 10  3 11  4 10  5 10  6 10

Graph 272, order 12.
12 11
0 7  0 9  0 11  1 8  1 10  1 11  2 9  3 10  4 11  5 11  6 11

Graph 273, order 12.
12 11
0 7  0 9  1 8  1 10  1 11  2 9  2 11  3 10  4 11  5 11  6 11

Graph 274, order 12.
12 11
0 7  0 9  1 8  1 10  2 9  2 11  3 10  3 11  4 11  5 11  6 11

Graph 275, order 12.
12 11
0 7  0 9  0 10  1 8  1 10  1 11  2 9  3 10  4 11  5 11  6 11

Graph 276, order 12.
12 11
0 7  0 9  0 10  1 8  1 10  2 9  2 11  3 10  4 11  5 11  6 11

Graph 277, order 12.
12 11
0 7  0 9  0 10  1 8  1 10  2 9  3 10  3 11  4 11  5 11  6 11

Graph 278, order 12.
12 11
0 7  0 9  0 11  1 8  1 11  2 9  2 10  3 10  4 11  5 11  6 11

Graph 279, order 12.
12 11
0 7  0 9  1 8  1 11  2 9  2 10  2 11  3 10  4 11  5 11  6 11

Graph 280, order 12.
12 11
0 7  0 9  1 8  1 11  2 9  2 10  3 10  3 11  4 11  5 11  6 11

Graph 281, order 12.
12 11
0 7  0 9  0 11  1 8  1 10  2 9  2 10  3 10  4 11  5 11  6 11

Graph 282, order 12.
12 11
0 7  0 9  1 8  1 10  1 11  2 9  2 10  3 10  4 11  5 11  6 11

Graph 283, order 12.
12 11
0 7  0 9  1 8  1 10  2 9  2 10  2 11  3 10  4 11  5 11  6 11

Graph 284, order 12.
12 11
0 7  0 9  1 8  1 10  2 9  2 10  3 10  3 11  4 11  5 11  6 11

Graph 285, order 12.
12 11
0 7  0 9  1 8  1 10  2 9  2 10  3 10  4 11  5 11  6 11  7 11

Graph 286, order 12.
12 11
0 7  0 9  1 8  1 10  2 9  2 10  3 10  4 11  5 11  6 11  8 11

Graph 287, order 12.
12 11
0 7  0 9  1 8  1 10  2 9  2 10  3 10  4 11  5 11  6 11  9 11

Graph 288, order 12.
12 11
0 7  0 9  0 11  1 8  1 11  2 9  3 10  3 11  4 10  5 11  6 11

Graph 289, order 12.
12 11
0 7  0 9  1 8  1 11  2 9  2 11  3 10  3 11  4 10  5 11  6 11

Graph 290, order 12.
12 11
0 7  0 9  0 11  1 8  1 11  2 9  3 10  4 10  5 11  6 11  10 11

Graph 291, order 12.
12 11
0 7  0 9  1 8  1 11  2 9  2 11  3 10  4 10  5 11  6 11  10 11

Graph 292, order 12.
12 11
0 7  0 9  0 11  1 8  1 10  1 11  2 9  3 10  4 10  5 11  6 11

Graph 293, order 12.
12 11
0 7  0 9  1 8  1 10  1 11  2 9  2 11  3 10  4 10  5 11  6 11

Graph 294, order 12.
12 11
0 7  0 9  0 11  1 8  1 10  2 9  3 10  3 11  4 10  5 11  6 11

Graph 295, order 12.
12 11
0 7  0 9  1 8  1 10  2 9  2 11  3 10  3 11  4 10  5 11  6 11

Graph 296, order 12.
12 11
0 7  0 9  0 11  1 8  1 10  2 9  3 10  4 10  5 11  6 11  8 11

Graph 297, order 12.
12 11
0 7  0 9  1 8  1 10  2 9  2 11  3 10  4 10  5 11  6 11  8 11

Graph 298, order 12.
12 11
0 7  0 9  0 11  1 8  1 11  2 9  2 10  3 10  4 10  5 11  6 11

Graph 299, order 12.
12 11
0 7  0 9  1 8  1 11  2 9  2 10  2 11  3 10  4 10  5 11  6 11

Graph 300, order 12.
12 11
0 7  0 9  1 8  1 11  2 9  2 10  3 10  3 11  4 10  5 11  6 11

Graph 301, order 12.
12 11
0 7  0 9  1 8  1 11  2 9  2 10  3 10  4 10  5 11  6 11  7 11

Graph 302, order 12.
12 11
0 7  0 9  1 8  1 11  2 9  2 10  3 10  4 10  5 11  6 11  9 11

Graph 303, order 12.
12 11
0 7  0 9  1 8  1 11  2 9  2 10  3 10  4 10  5 11  6 11  10 11

Graph 304, order 12.
12 11
0 7  0 9  0 11  1 8  1 11  2 9  3 10  3 11  4 10  5 10  6 11

Graph 305, order 12.
12 11
0 7  0 9  1 8  1 11  2 9  2 11  3 10  3 11  4 10  5 10  6 11

Graph 306, order 12.
12 11
0 7  0 9  0 11  1 8  1 11  2 9  3 10  4 10  5 10  6 11  10 11

Graph 307, order 12.
12 11
0 7  0 9  1 8  1 11  2 9  2 11  3 10  4 10  5 10  6 11  10 11

Graph 308, order 12.
12 11
0 7  0 10  0 11  1 8  1 10  2 9  2 10  3 9  4 11  5 11  6 11

Graph 309, order 12.
12 11
0 7  0 10  1 8  1 10  2 9  2 10  2 11  3 9  4 11  5 11  6 11

Graph 310, order 12.
12 11
0 7  0 10  1 8  1 10  2 9  2 10  3 9  3 11  4 11  5 11  6 11

Graph 311, order 12.
12 11
0 7  0 10  1 8  1 10  2 9  2 10  3 9  4 11  5 11  6 11  7 11

Graph 312, order 12.
12 11
0 7  0 10  1 8  1 10  2 9  2 10  3 9  4 11  5 11  6 11  9 11

Graph 313, order 12.
12 11
0 7  0 10  0 11  1 8  1 10  2 9  2 11  3 9  4 10  5 11  6 11

Graph 314, order 12.
12 11
0 7  0 10  1 8  1 10  2 9  2 11  3 9  4 10  4 11  5 11  6 11

Graph 315, order 12.
12 11
0 7  0 10  1 8  1 10  2 9  2 11  3 9  4 10  5 11  6 11  7 11

Graph 316, order 12.
12 11
0 7  0 10  0 11  1 8  1 10  2 9  3 9  4 10  5 11  6 11  9 11

Graph 317, order 12.
12 11
0 7  0 10  1 8  1 10  2 9  3 9  4 10  4 11  5 11  6 11  9 11

Graph 318, order 12.
12 11
0 7  0 10  1 8  1 10  2 9  3 9  4 10  5 11  6 11  7 11  9 11

Graph 319, order 12.
12 11
0 7  0 11  1 8  1 11  2 9  2 10  2 11  3 9  4 10  5 11  6 11

Graph 320, order 12.
12 11
0 7  0 11  1 8  1 11  2 9  2 10  3 9  3 11  4 10  5 11  6 11

Graph 321, order 12.
12 11
0 7  0 11  1 8  1 11  2 9  2 10  3 9  4 10  5 11  6 11  9 11

Graph 322, order 12.
12 11
0 7  0 10  0 11  1 8  1 11  2 9  2 10  3 9  4 10  5 11  6 11

Graph 323, order 12.
12 11
0 7  0 10  1 8  1 11  2 9  2 10  2 11  3 9  4 10  5 11  6 11

Graph 324, order 12.
12 11
0 7  0 10  1 8  1 11  2 9  2 10  3 9  3 11  4 10  5 11  6 11

Graph 325, order 12.
12 11
0 7  0 10  1 8  1 11  2 9  2 10  3 9  4 10  4 11  5 11  6 11

Graph 326, order 12.
12 11
0 7  0 10  1 8  1 11  2 9  2 10  3 9  4 10  5 11  6 11  7 11

Graph 327, order 12.
12 11
0 7  0 10  1 8  1 11  2 9  2 10  3 9  4 10  5 11  6 11  9 11

Graph 328, order 12.
12 11
0 7  0 11  1 8  1 11  2 9  2 11  3 9  4 10  4 11  5 10  6 11

Graph 329, order 12.
12 11
0 7  0 11  1 8  1 11  2 9  3 9  4 10  4 11  5 10  6 11  9 11

Graph 330, order 12.
12 11
0 7  0 11  1 8  1 11  2 9  3 9  4 10  5 10  6 11  9 11  10 11

Graph 331, order 12.
12 11
0 7  0 10  0 11  1 8  1 11  2 9  2 11  3 9  4 10  5 10  6 11

Graph 332, order 12.
12 11
0 7  0 10  1 8  1 11  2 9  2 11  3 9  4 10  4 11  5 10  6 11

Graph 333, order 12.
12 11
0 7  0 10  1 8  1 11  2 9  2 11  3 9  4 10  5 10  6 11  7 11

Graph 334, order 12.
12 11
0 7  0 10  0 11  1 8  1 11  2 9  3 9  4 10  5 10  6 11  9 11

Graph 335, order 12.
12 11
0 7  0 10  1 8  1 11  2 9  3 9  4 10  4 11  5 10  6 11  9 11

Graph 336, order 12.
12 11
0 7  0 10  1 8  1 11  2 9  3 9  4 10  5 10  6 11  7 11  9 11

Graph 337, order 12.
12 11
0 7  0 10  1 8  1 11  2 9  2 11  3 9  4 10  5 10  6 11  10 11

Graph 338, order 12.
12 11
0 7  0 11  1 8  1 11  2 9  2 10  2 11  3 9  4 10  5 10  6 11

Graph 339, order 12.
12 11
0 7  0 11  1 8  1 11  2 9  2 10  3 9  3 11  4 10  5 10  6 11

Graph 340, order 12.
12 11
0 7  0 11  1 8  1 11  2 9  2 10  3 9  4 10  4 11  5 10  6 11

Graph 341, order 12.
12 11
0 7  0 11  1 8  1 11  2 9  2 10  3 9  4 10  5 10  6 11  9 11

Graph 342, order 12.
12 11
0 7  0 11  1 8  1 11  2 9  2 10  3 9  4 10  5 10  6 11  10 11

Graph 343, order 12.
12 11
0 7  0 11  1 8  1 11  2 9  2 11  3 9  4 10  4 11  5 10  6 10

Graph 344, order 12.
12 11
0 7  0 11  1 8  1 11  2 9  3 9  4 10  4 11  5 10  6 10  9 11

Graph 345, order 12.
12 11
0 7  0 11  1 8  1 11  2 9  2 11  3 9  4 10  5 10  6 10  10 11

Graph 346, order 12.
12 11
0 7  0 11  1 8  1 11  2 9  3 9  4 10  5 10  6 10  9 11  10 11

Graph 347, order 12.
12 11
0 7  0 10  0 11  1 8  1 10  2 9  3 9  4 11  5 11  6 11  9 10

Graph 348, order 12.
12 11
0 7  0 10  1 8  1 10  2 9  2 11  3 9  4 11  5 11  6 11  9 10

Graph 349, order 12.
12 11
0 7  0 10  1 8  1 10  2 9  3 9  4 11  5 11  6 11  7 11  9 10

Graph 350, order 12.
12 11
0 7  0 10  1 8  1 10  2 9  3 9  4 11  5 11  6 11  9 10  9 11

Graph 351, order 12.
12 11
0 7  0 10  0 11  1 8  1 11  2 9  3 9  4 10  5 11  6 11  9 10

Graph 352, order 12.
12 11
0 7  0 10  1 8  1 11  2 9  2 11  3 9  4 10  5 11  6 11  9 10

Graph 353, order 12.
12 11
0 7  0 10  1 8  1 11  2 9  3 9  4 10  4 11  5 11  6 11  9 10

Graph 354, order 12.
12 11
0 7  0 10  1 8  1 11  2 9  3 9  4 10  5 11  6 11  7 11  9 10

Graph 355, order 12.
12 11
0 7  0 10  1 8  1 11  2 9  3 9  4 10  5 11  6 11  9 10  9 11

Graph 356, order 12.
12 11
0 7  0 10  1 8  1 11  2 9  3 9  4 10  5 11  6 11  9 10  10 11

Graph 357, order 12.
12 11
0 7  0 11  1 8  1 11  2 9  2 11  3 9  4 10  5 10  6 11  9 10

Graph 358, order 12.
12 11
0 7  0 11  1 8  1 11  2 9  3 9  4 10  5 10  6 11  9 10  9 11

Graph 359, order 12.
12 11
0 7  0 9  1 8  1 10  2 9  2 10  3 9  4 10  5 11  6 11  7 11

Graph 360, order 12.
12 11
0 7  0 9  1 8  1 10  2 9  3 9  4 10  5 10  6 11  7 11  8 11

Graph 361, order 12.
12 11
0 7  0 10  1 8  1 11  2 9  2 10  3 9  3 11  4 9  5 10  6 11

Graph 362, order 12.
12 11
0 7  0 10  1 8  1 11  2 9  2 10  3 9  4 9  5 10  5 11  6 11

Graph 363, order 12.
12 11
0 7  0 10  1 8  1 11  2 9  2 10  3 9  4 9  5 10  6 11  7 11

Graph 364, order 12.
12 11
0 7  0 10  1 8  1 11  2 9  2 11  3 9  4 9  5 10  6 10  7 11

Graph 365, order 12.
12 11
0 7  0 11  1 8  1 11  2 9  2 10  3 9  3 11  4 9  5 10  6 10

Graph 366, order 12.
12 11
0 7  0 8  0 11  1 8  1 9  2 9  2 10  3 10  4 11  5 11  6 11

Graph 367, order 12.
12 11
0 7  0 8  1 8  1 9  1 11  2 9  2 10  3 10  4 11  5 11  6 11

Graph 368, order 12.
12 11
0 7  0 8  1 8  1 9  2 9  2 10  2 11  3 10  4 11  5 11  6 11

Graph 369, order 12.
12 11
0 7  0 8  1 8  1 9  2 9  2 10  3 10  3 11  4 11  5 11  6 11

Graph 370, order 12.
12 11
0 7  0 8  0 11  1 8  1 9  2 9  3 10  3 11  4 10  5 11  6 11

Graph 371, order 12.
12 11
0 7  0 8  1 8  1 9  1 11  2 9  3 10  3 11  4 10  5 11  6 11

Graph 372, order 12.
12 11
0 7  0 8  1 8  1 9  2 9  2 11  3 10  3 11  4 10  5 11  6 11

Graph 373, order 12.
12 11
0 7  0 8  0 11  1 8  1 9  2 9  3 10  4 10  5 11  6 11  10 11

Graph 374, order 12.
12 11
0 7  0 8  1 8  1 9  1 11  2 9  3 10  4 10  5 11  6 11  10 11

Graph 375, order 12.
12 11
0 7  0 8  1 8  1 9  2 9  2 11  3 10  4 10  5 11  6 11  10 11

Graph 376, order 12.
12 11
0 7  0 8  1 8  1 9  2 9  2 10  3 10  4 10  5 11  6 11  7 11

Graph 377, order 12.
12 11
0 7  0 8  1 8  1 9  2 9  2 11  3 10  3 11  4 10  5 10  6 11

Graph 378, order 12.
12 11
0 7  0 8  1 8  1 10  2 9  2 10  3 9  4 10  5 11  6 11  9 11

Graph 379, order 12.
12 11
0 7  0 8  0 11  1 8  2 9  2 11  3 9  4 10  4 11  5 10  6 11

Graph 380, order 12.
12 11
0 7  0 8  1 8  1 11  2 9  2 11  3 9  4 10  4 11  5 10  6 11

Graph 381, order 12.
12 11
0 7  0 8  0 11  1 8  2 9  3 9  4 10  4 11  5 10  6 11  9 11

Graph 382, order 12.
12 11
0 7  0 8  1 8  1 11  2 9  3 9  4 10  4 11  5 10  6 11  9 11

Graph 383, order 12.
12 11
0 7  0 8  0 11  1 8  2 9  3 9  4 10  5 10  6 11  9 11  10 11

Graph 384, order 12.
12 11
0 7  0 8  1 8  1 11  2 9  3 9  4 10  5 10  6 11  9 11  10 11

Graph 385, order 12.
12 11
0 7  0 8  1 8  1 10  2 9  2 11  3 9  4 10  5 10  6 11  7 11

Graph 386, order 12.
12 11
0 7  0 8  0 11  1 8  1 10  2 9  3 9  4 10  5 10  6 11  9 11

Graph 387, order 12.
12 11
0 7  0 8  1 8  1 10  2 9  3 9  4 10  5 10  6 11  7 11  9 11

Graph 388, order 12.
12 11
0 7  0 8  1 8  1 10  2 9  3 9  4 10  5 10  6 11  8 11  9 11

Graph 389, order 12.
12 11
0 7  0 8  1 8  1 11  2 9  2 10  3 9  3 11  4 10  5 10  6 11

Graph 390, order 12.
12 11
0 7  0 8  1 8  1 11  2 9  2 10  3 9  4 10  4 11  5 10  6 11

Graph 391, order 12.
12 11
0 7  0 8  0 11  1 8  2 9  2 10  3 9  4 10  5 10  6 11  9 11

Graph 392, order 12.
12 11
0 7  0 8  1 8  1 11  2 9  2 10  3 9  4 10  5 10  6 11  9 11

Graph 393, order 12.
12 11
0 7  0 8  1 8  1 11  2 9  2 11  3 9  4 10  4 11  5 10  6 10

Graph 394, order 12.
12 11
0 7  0 8  0 11  1 8  2 9  3 9  4 10  4 11  5 10  6 10  9 11

Graph 395, order 12.
12 11
0 7  0 8  1 8  1 11  2 9  3 9  4 10  4 11  5 10  6 10  9 11

Graph 396, order 12.
12 11
0 7  0 10  0 11  1 8  1 9  1 11  2 8  3 9  4 10  5 11  6 11

Graph 397, order 12.
12 11
0 7  0 10  0 11  1 8  1 9  2 8  2 11  3 9  4 10  5 11  6 11

Graph 398, order 12.
12 11
0 7  0 10  1 8  1 9  1 11  2 8  3 9  4 10  4 11  5 11  6 11

Graph 399, order 12.
12 11
0 7  0 10  1 8  1 9  2 8  2 11  3 9  4 10  4 11  5 11  6 11

Graph 400, order 12.
12 11
0 7  0 10  0 11  1 8  1 9  2 8  3 9  4 10  5 11  6 11  8 11

Graph 401, order 12.
12 11
0 7  0 10  1 8  1 9  2 8  3 9  4 10  4 11  5 11  6 11  8 11

Graph 402, order 12.
12 11
0 7  0 11  1 8  1 9  1 11  2 8  2 10  3 9  4 10  5 11  6 11

Graph 403, order 12.
12 11
0 7  0 11  1 8  1 9  2 8  2 10  3 9  3 11  4 10  5 11  6 11

Graph 404, order 12.
12 11
0 7  0 11  1 8  1 9  2 8  2 10  3 9  4 10  5 11  6 11  8 11

Graph 405, order 12.
12 11
0 7  0 11  1 8  1 9  2 8  2 10  3 9  4 10  5 11  6 11  9 11

Graph 406, order 12.
12 11
0 7  0 11  1 8  1 9  1 11  2 8  3 9  4 10  4 11  5 10  6 11

Graph 407, order 12.
12 11
0 7  0 11  1 8  1 9  2 8  2 11  3 9  4 10  4 11  5 10  6 11

Graph 408, order 12.
12 11
0 7  0 11  1 8  1 9  2 8  3 9  4 10  4 11  5 10  6 11  8 11

Graph 409, order 12.
12 11
0 7  0 11  1 8  1 9  1 11  2 8  3 9  4 10  5 10  6 11  10 11

Graph 410, order 12.
12 11
0 7  0 11  1 8  1 9  2 8  2 11  3 9  4 10  5 10  6 11  10 11

Graph 411, order 12.
12 11
0 7  0 11  1 8  1 9  2 8  3 9  4 10  5 10  6 11  8 11  10 11

Graph 412, order 12.
12 11
0 7  0 10  0 11  1 8  1 9  1 11  2 8  3 9  4 10  5 10  6 11

Graph 413, order 12.
12 11
0 7  0 10  1 8  1 9  2 8  2 11  3 9  4 10  5 10  6 11  7 11

Graph 414, order 12.
12 11
0 7  0 10  0 11  1 8  1 9  2 8  3 9  4 10  5 10  6 11  8 11

Graph 415, order 12.
12 11
0 7  0 10  1 8  1 9  2 8  3 9  4 10  5 10  6 11  7 11  8 11

Graph 416, order 12.
12 11
0 7  0 11  1 8  1 9  2 8  2 10  3 9  3 11  4 10  5 10  6 11

Graph 417, order 12.
12 11
0 7  0 11  1 8  1 9  2 8  2 10  3 9  4 10  4 11  5 10  6 11

Graph 418, order 12.
12 11
0 7  0 11  1 8  1 9  2 8  2 10  3 9  4 10  5 10  6 11  8 11

Graph 419, order 12.
12 11
0 7  0 11  1 8  1 9  2 8  2 10  3 9  4 10  5 10  6 11  9 11

Graph 420, order 12.
12 11
0 7  0 11  1 8  1 9  2 8  2 11  3 9  4 10  4 11  5 10  6 10

Graph 421, order 12.
12 11
0 7  0 11  1 8  1 9  2 8  3 9  4 10  4 11  5 10  6 10  8 11

Graph 422, order 12.
12 11
0 7  0 10  1 8  1 10  2 8  3 9  3 10  4 9  5 11  6 11  8 11

Graph 423, order 12.
12 11
0 7  0 10  1 8  1 10  2 8  3 9  3 11  4 9  5 10  6 11  7 11

Graph 424, order 12.
12 11
0 7  0 10  1 8  1 10  2 8  3 9  3 11  4 9  5 10  6 11  8 11

Graph 425, order 12.
12 11
0 7  0 10  1 8  1 10  2 8  2 11  3 9  4 9  5 10  6 11  9 11

Graph 426, order 12.
12 11
0 7  0 10  1 8  1 10  2 8  3 9  4 9  5 10  6 11  7 11  9 11

Graph 427, order 12.
12 11
0 7  0 10  1 8  1 10  2 8  3 9  4 9  5 10  6 11  8 11  9 11

Graph 428, order 12.
12 11
0 7  0 11  1 8  1 10  2 8  2 11  3 9  3 10  4 9  5 10  6 11

Graph 429, order 12.
12 11
0 7  0 11  1 8  1 10  2 8  3 9  3 10  4 9  5 10  6 11  8 11

Graph 430, order 12.
12 11
0 7  0 11  1 8  1 11  2 8  3 9  3 11  4 9  5 10  5 11  6 10

Graph 431, order 12.
12 11
0 7  0 11  1 8  2 8  3 9  3 11  4 9  5 10  5 11  6 10  8 11

Graph 432, order 12.
12 11
0 7  0 11  1 8  2 8  3 9  4 9  5 10  5 11  6 10  8 11  9 11

Graph 433, order 12.
12 11
0 7  0 11  1 8  2 8  3 9  4 9  5 10  6 10  8 11  9 11  10 11

Graph 434, order 12.
12 11
0 7  0 10  1 8  1 11  2 8  3 9  3 11  4 9  5 10  5 11  6 10

Graph 435, order 12.
12 11
0 7  0 10  1 8  1 11  2 8  3 9  3 11  4 9  5 10  6 10  7 11

Graph 436, order 12.
12 11
0 7  0 10  0 11  1 8  2 8  3 9  3 11  4 9  5 10  6 10  8 11

Graph 437, order 12.
12 11
0 7  0 10  1 8  2 8  3 9  3 11  4 9  5 10  5 11  6 10  8 11

Graph 438, order 12.
12 11
0 7  0 10  1 8  2 8  3 9  3 11  4 9  5 10  6 10  7 11  8 11

Graph 439, order 12.
12 11
0 7  0 10  0 11  1 8  2 8  3 9  4 9  5 10  6 10  8 11  9 11

Graph 440, order 12.
12 11
0 7  0 10  1 8  2 8  3 9  4 9  5 10  5 11  6 10  8 11  9 11

Graph 441, order 12.
12 11
0 7  0 10  1 8  2 8  3 9  4 9  5 10  6 10  7 11  8 11  9 11

Graph 442, order 12.
12 11
0 7  0 11  1 8  1 10  2 8  2 11  3 9  3 11  4 9  5 10  6 10

Graph 443, order 12.
12 11
0 7  0 11  1 8  1 10  2 8  3 9  3 11  4 9  5 10  5 11  6 10

Graph 444, order 12.
12 11
0 7  0 11  1 8  1 10  2 8  3 9  3 11  4 9  5 10  6 10  8 11

Graph 445, order 12.
12 11
0 7  0 11  1 8  1 10  1 11  2 8  3 9  4 9  5 10  6 10  9 11

Graph 446, order 12.
12 11
0 7  0 11  1 8  1 10  2 8  2 11  3 9  4 9  5 10  6 10  9 11

Graph 447, order 12.
12 11
0 7  0 11  1 8  1 10  2 8  3 9  4 9  5 10  5 11  6 10  9 11

Graph 448, order 12.
12 11
0 7  0 11  1 8  1 10  2 8  3 9  4 9  5 10  6 10  8 11  9 11

Graph 449, order 12.
12 11
0 7  0 10  0 11  1 8  2 8  3 9  4 9  5 10  6 11  8 10  9 11

Graph 450, order 12.
12 11
0 7  0 10  1 8  2 8  3 9  4 9  5 10  6 11  7 11  8 10  9 11

Graph 451, order 12.
12 11
0 7  0 11  1 8  2 8  3 9  3 10  4 9  5 10  6 11  8 10  9 11

Graph 452, order 12.
12 11
0 7  0 11  1 8  1 11  2 8  3 9  4 9  5 10  6 10  8 10  9 11

Graph 453, order 12.
12 11
0 7  0 8  1 7  1 9  2 8  2 10  3 9  3 11  4 10  5 11  6 11

Graph 454, order 12.
12 11
0 7  0 8  1 7  1 9  2 8  2 11  3 9  4 10  4 11  5 10  6 11

Graph 455, order 12.
12 11
0 7  0 8  0 11  1 7  1 9  2 8  3 9  4 10  5 10  6 11  10 11

Graph 456, order 12.
12 11
0 7  0 8  1 7  1 9  2 8  2 11  3 9  4 10  5 10  6 11  10 11

Graph 457, order 12.
12 11
0 7  0 8  1 7  1 9  2 8  3 9  4 10  5 10  6 11  7 11  10 11

Graph 458, order 12.
12 11
0 7  0 8  1 7  1 9  2 8  3 9  4 10  5 10  6 11  8 11  10 11

Graph 459, order 12.
12 11
0 7  0 8  0 11  1 7  2 8  3 9  3 10  3 11  4 9  5 10  6 11

Graph 460, order 12.
12 11
0 7  0 8  1 7  1 11  2 8  3 9  3 10  4 9  4 11  5 10  6 11

Graph 461, order 12.
12 11
0 7  0 8  1 7  2 8  3 9  3 10  3 11  4 9  5 10  6 11  7 11

Graph 462, order 12.
12 11
0 7  0 8  1 7  2 8  3 9  3 10  4 9  4 11  5 10  6 11  7 11

Graph 463, order 12.
12 11
0 7  0 8  1 7  2 8  3 9  3 10  4 9  5 10  6 11  7 11  9 11

Graph 464, order 12.
12 11
0 7  0 8  0 11  1 7  2 8  3 9  3 11  4 9  5 10  5 11  6 10

Graph 465, order 12.
12 11
0 7  0 8  1 7  1 11  2 8  3 9  3 11  4 9  5 10  5 11  6 10

Graph 466, order 12.
12 11
0 7  0 8  1 7  2 8  3 9  3 11  4 9  5 10  5 11  6 10  7 11

Graph 467, order 12.
12 11
0 7  0 8  0 11  1 7  2 8  3 9  4 9  5 10  5 11  6 10  9 11

Graph 468, order 12.
12 11
0 7  0 8  1 7  1 11  2 8  3 9  4 9  5 10  5 11  6 10  9 11

Graph 469, order 12.
12 11
0 7  0 8  1 7  2 8  3 9  4 9  5 10  5 11  6 10  7 11  9 11

Graph 470, order 12.
12 11
0 7  0 8  0 11  1 7  2 8  3 9  4 9  5 10  6 10  9 11  10 11

Graph 471, order 12.
12 11
0 7  0 8  1 7  1 11  2 8  3 9  4 9  5 10  6 10  9 11  10 11

Graph 472, order 12.
12 11
0 7  0 8  1 7  2 8  3 9  4 9  5 10  6 10  7 11  9 11  10 11

Graph 473, order 12.
12 11
0 6  0 10  0 11  1 7  1 10  2 8  2 10  3 9  3 11  4 11  5 11

Graph 474, order 12.
12 11
0 6  0 10  1 7  1 10  2 8  2 10  3 9  3 11  4 11  5 11  6 11

Graph 475, order 12.
12 11
0 6  0 11  1 7  1 11  2 8  2 11  3 9  3 11  4 10  4 11  5 11

Graph 476, order 12.
12 11
0 6  0 10  0 11  1 7  1 11  2 8  2 11  3 9  3 11  4 10  5 11

Graph 477, order 12.
12 11
0 6  0 10  1 7  1 11  2 8  2 11  3 9  3 11  4 10  4 11  5 11

Graph 478, order 12.
12 11
0 6  0 10  0 11  1 7  1 10  2 8  2 11  3 9  3 11  4 10  5 11

Graph 479, order 12.
12 11
0 6  0 10  1 7  1 10  2 8  2 11  3 9  3 11  4 10  4 11  5 11

Graph 480, order 12.
12 11
0 6  0 10  1 7  1 10  2 8  2 11  3 9  3 11  4 10  5 11  6 11

Graph 481, order 12.
12 11
0 6  0 10  1 7  1 10  2 8  2 11  3 9  3 11  4 10  5 11  10 11

Graph 482, order 12.
12 11
0 6  0 11  1 7  1 11  2 8  2 11  3 9  3 11  4 10  4 11  5 10

Graph 483, order 12.
12 11
0 6  0 11  1 7  1 11  2 8  2 11  3 9  3 11  4 10  5 10  10 11

Graph 484, order 12.
12 11
0 6  0 10  0 11  1 7  1 11  2 8  2 11  3 9  3 11  4 10  5 10

Graph 485, order 12.
12 11
0 6  0 10  1 7  1 11  2 8  2 11  3 9  3 11  4 10  4 11  5 10

Graph 486, order 12.
12 11
0 6  0 10  1 7  1 11  2 8  2 11  3 9  3 11  4 10  5 10  6 11

Graph 487, order 12.
12 11
0 6  0 10  1 7  1 11  2 8  2 11  3 9  3 11  4 10  5 10  10 11

Graph 488, order 12.
12 11
0 6  0 9  0 11  1 7  1 10  1 11  2 8  2 11  3 9  4 10  5 11

Graph 489, order 12.
12 11
0 6  0 9  1 7  1 10  1 11  2 8  2 11  3 9  3 11  4 10  5 11

Graph 490, order 12.
12 11
0 6  0 9  1 7  1 10  2 8  2 11  3 9  3 11  4 10  4 11  5 11

Graph 491, order 12.
12 11
0 6  0 9  0 11  1 7  1 10  1 11  2 8  2 10  3 9  4 10  5 11

Graph 492, order 12.
12 11
0 6  0 9  0 11  1 7  1 11  2 8  2 11  3 9  3 10  4 10  5 11

Graph 493, order 12.
12 11
0 6  0 9  1 7  1 11  2 8  2 11  3 9  3 10  3 11  4 10  5 11

Graph 494, order 12.
12 11
0 6  0 9  1 7  1 11  2 8  2 11  3 9  3 10  4 10  4 11  5 11

Graph 495, order 12.
12 11
0 6  0 9  0 11  1 7  1 10  2 8  2 11  3 9  3 10  4 10  5 11

Graph 496, order 12.
12 11
0 6  0 9  1 7  1 10  2 8  2 11  3 9  3 10  4 10  5 11  6 11

Graph 497, order 12.
12 11
0 6  0 9  1 7  1 10  2 8  2 11  3 9  3 10  4 10  5 11  7 11

Graph 498, order 12.
12 11
0 6  0 9  0 11  1 7  1 11  2 8  2 11  3 9  4 10  4 11  5 10

Graph 499, order 12.
12 11
0 6  0 9  1 7  1 11  2 8  2 11  3 9  3 11  4 10  4 11  5 10

Graph 500, order 12.
12 11
0 6  0 9  0 11  1 7  1 11  2 8  2 11  3 9  4 10  5 10  10 11

Graph 501, order 12.
12 11
0 6  0 9  1 7  1 11  2 8  2 11  3 9  3 11  4 10  5 10  10 11

Graph 502, order 12.
12 11
0 6  0 9  0 11  1 7  1 10  1 11  2 8  2 11  3 9  4 10  5 10

Graph 503, order 12.
12 11
0 6  0 9  0 11  1 7  1 10  2 8  2 11  3 9  4 10  4 11  5 10

Graph 504, order 12.
12 11
0 6  0 9  1 7  1 10  2 8  2 11  3 9  3 11  4 10  4 11  5 10

Graph 505, order 12.
12 11
0 6  0 9  0 11  1 7  1 10  2 8  2 11  3 9  4 10  5 10  7 11

Graph 506, order 12.
12 11
0 6  0 9  1 7  1 10  2 8  2 11  3 9  3 11  4 10  5 10  7 11

Graph 507, order 12.
12 11
0 6  0 9  0 11  1 7  1 11  2 8  2 11  3 9  3 10  4 10  5 10

Graph 508, order 12.
12 11
0 6  0 9  1 7  1 11  2 8  2 11  3 9  3 10  4 10  4 11  5 10

Graph 509, order 12.
12 11
0 6  0 9  1 7  1 11  2 8  2 11  3 9  3 10  4 10  5 10  6 11

Graph 510, order 12.
12 11
0 6  0 9  1 7  1 11  2 8  2 11  3 9  3 10  4 10  5 10  9 11

Graph 511, order 12.
12 11
0 6  0 10  1 7  1 10  2 8  2 10  3 9  4 9  5 11  6 11  9 11

Graph 512, order 12.
12 11
0 6  0 10  1 7  1 10  2 8  2 11  3 9  3 10  4 9  5 11  9 11

Graph 513, order 12.
12 11
0 6  0 10  1 7  1 10  2 8  2 11  3 9  3 11  4 9  5 10  6 11

Graph 514, order 12.
12 11
0 6  0 10  0 11  1 7  1 10  2 8  2 11  3 9  4 9  5 10  9 11

Graph 515, order 12.
12 11
0 6  0 10  1 7  1 10  2 8  2 11  3 9  4 9  5 10  5 11  9 11

Graph 516, order 12.
12 11
0 6  0 10  1 7  1 10  2 8  2 11  3 9  4 9  5 10  6 11  9 11

Graph 517, order 12.
12 11
0 6  0 11  1 7  1 11  2 8  2 11  3 9  3 10  3 11  4 9  5 10

Graph 518, order 12.
12 11
0 6  0 11  1 7  1 11  2 8  2 11  3 9  3 10  4 9  4 11  5 10

Graph 519, order 12.
12 11
0 6  0 11  1 7  1 11  2 8  2 11  3 9  3 10  4 9  5 10  9 11

Graph 520, order 12.
12 11
0 6  0 10  1 7  1 11  2 8  2 11  3 9  3 10  4 9  4 11  5 10

Graph 521, order 12.
12 11
0 6  0 10  1 7  1 11  2 8  2 11  3 9  3 10  4 9  5 10  5 11

Graph 522, order 12.
12 11
0 6  0 10  1 7  1 11  2 8  2 11  3 9  3 10  4 9  5 10  6 11

Graph 523, order 12.
12 11
0 6  0 10  1 7  1 11  2 8  2 11  3 9  3 10  4 9  5 10  9 11

Graph 524, order 12.
12 11
0 6  0 8  0 11  1 7  1 9  1 11  2 8  2 10  3 9  4 10  5 11

Graph 525, order 12.
12 11
0 6  0 8  1 7  1 9  1 11  2 8  2 10  2 11  3 9  4 10  5 11

Graph 526, order 12.
12 11
0 6  0 8  0 11  1 7  1 9  2 8  2 10  3 9  3 11  4 10  5 11

Graph 527, order 12.
12 11
0 6  0 8  1 7  1 9  2 8  2 10  3 9  3 11  4 10  4 11  5 11

Graph 528, order 12.
12 11
0 6  0 8  0 11  1 7  1 9  1 11  2 8  3 9  4 10  4 11  5 10

Graph 529, order 12.
12 11
0 6  0 8  1 7  1 9  1 11  2 8  2 11  3 9  4 10  4 11  5 10

Graph 530, order 12.
12 11
0 6  0 8  1 7  1 9  2 8  2 11  3 9  3 11  4 10  4 11  5 10

Graph 531, order 12.
12 11
0 6  0 8  0 11  1 7  1 9  1 11  2 8  3 9  4 10  5 10  10 11

Graph 532, order 12.
12 11
0 6  0 8  1 7  1 9  1 11  2 8  2 11  3 9  4 10  5 10  10 11

Graph 533, order 12.
12 11
0 6  0 8  1 7  1 9  2 8  2 11  3 9  3 11  4 10  5 10  10 11

Graph 534, order 12.
12 11
0 6  0 8  0 11  1 7  1 11  2 8  2 9  3 9  3 10  4 10  5 11

Graph 535, order 12.
12 11
0 6  0 8  1 7  1 11  2 8  2 9  3 9  3 10  4 10  4 11  5 11

Graph 536, order 12.
12 11
0 6  0 8  0 11  1 7  1 11  2 8  2 9  3 9  4 10  4 11  5 10

Graph 537, order 12.
12 11
0 6  0 8  1 7  1 11  2 8  2 9  2 11  3 9  4 10  4 11  5 10

Graph 538, order 12.
12 11
0 6  0 8  1 7  1 11  2 8  2 9  3 9  3 11  4 10  4 11  5 10

Graph 539, order 12.
12 11
0 6  0 8  0 11  1 7  1 11  2 8  2 9  3 9  4 10  5 10  10 11

Graph 540, order 12.
12 11
0 6  0 8  1 7  1 11  2 8  2 9  2 11  3 9  4 10  5 10  10 11

Graph 541, order 12.
12 11
0 6  0 8  1 7  1 11  2 8  2 9  3 9  3 11  4 10  5 10  10 11

Graph 542, order 12.
12 11
0 6  0 10  0 11  1 7  1 11  2 8  2 9  2 11  3 8  4 9  5 10

Graph 543, order 12.
12 11
0 6  0 10  0 11  1 7  1 11  2 8  2 9  3 8  3 11  4 9  5 10

Graph 544, order 12.
12 11
0 6  0 10  1 7  1 11  2 8  2 9  2 11  3 8  4 9  5 10  5 11

Graph 545, order 12.
12 11
0 6  0 10  1 7  1 11  2 8  2 9  3 8  3 11  4 9  5 10  5 11

Graph 546, order 12.
12 11
0 6  0 10  0 11  1 7  1 11  2 8  2 9  3 8  4 9  5 10  8 11

Graph 547, order 12.
12 11
0 6  0 10  1 7  1 11  2 8  2 9  3 8  4 9  5 10  5 11  8 11

Graph 548, order 12.
12 11
0 6  0 11  1 7  1 11  2 8  2 9  3 8  3 10  4 9  4 11  5 10

Graph 549, order 12.
12 11
0 6  0 11  1 7  1 11  2 8  2 9  3 8  3 10  4 9  5 10  9 11

Graph 550, order 12.
12 11
0 6  0 11  1 7  1 8  2 7  2 9  3 8  3 10  4 9  4 11  5 10

Graph 551, order 12.
12 11
0 5  0 10  1 6  1 10  2 7  2 10  3 8  3 11  4 9  4 11  5 11
