
Graph 1, order 10.
10 9
0 9  1 9  2 9  3 9  4 9  5 9  6 9  7 9  8 9

Graph 2, order 10.
10 9
0 8  0 9  1 9  2 9  3 9  4 9  5 9  6 9  7 9

Graph 3, order 10.
10 9
0 8  0 9  1 8  2 9  3 9  4 9  5 9  6 9  7 9

Graph 4, order 10.
10 9
0 8  1 8  2 9  3 9  4 9  5 9  6 9  7 9  8 9

Graph 5, order 10.
10 9
0 8  0 9  1 8  2 8  3 9  4 9  5 9  6 9  7 9

Graph 6, order 10.
10 9
0 8  1 8  2 8  3 9  4 9  5 9  6 9  7 9  8 9

Graph 7, order 10.
10 9
0 8  0 9  1 8  2 8  3 8  4 9  5 9  6 9  7 9

Graph 8, order 10.
10 9
0 8  1 8  2 8  3 8  4 9  5 9  6 9  7 9  8 9

Graph 9, order 10.
10 9
0 7  0 9  1 8  1 9  2 9  3 9  4 9  5 9  6 9

Graph 10, order 10.
10 9
0 7  0 8  0 9  1 8  2 9  3 9  4 9  5 9  6 9

Graph 11, order 10.
10 9
0 7  0 8  1 8  1 9  2 9  3 9  4 9  5 9  6 9

Graph 12, order 10.
10 9
0 7  0 9  1 8  1 9  2 8  3 9  4 9  5 9  6 9

Graph 13, order 10.
10 9
0 7  0 9  1 8  2 8  3 9  4 9  5 9  6 9  8 9

Graph 14, order 10.
10 9
0 7  0 8  0 9  1 8  2 8  3 9  4 9  5 9  6 9

Graph 15, order 10.
10 9
0 7  0 8  1 8  1 9  2 8  3 9  4 9  5 9  6 9

Graph 16, order 10.
10 9
0 7  0 8  1 8  2 8  3 9  4 9  5 9  6 9  7 9

Graph 17, order 10.
10 9
0 7  0 8  1 8  2 8  3 9  4 9  5 9  6 9  8 9

Graph 18, order 10.
10 9
0 7  0 9  1 8  1 9  2 8  3 8  4 9  5 9  6 9

Graph 19, order 10.
10 9
0 7  0 9  1 8  2 8  3 8  4 9  5 9  6 9  8 9

Graph 20, order 10.
10 9
0 7  0 8  0 9  1 8  2 8  3 8  4 9  5 9  6 9

Graph 21, order 10.
10 9
0 7  0 8  1 8  2 8  3 8  4 9  5 9  6 9  7 9

Graph 22, order 10.
10 9
0 7  0 9  1 8  1 9  2 8  3 8  4 8  5 9  6 9

Graph 23, order 10.
10 9
0 7  0 8  0 9  1 7  2 8  3 9  4 9  5 9  6 9

Graph 24, order 10.
10 9
0 7  0 8  1 7  1 9  2 8  3 9  4 9  5 9  6 9

Graph 25, order 10.
10 9
0 7  0 8  1 7  2 8  3 9  4 9  5 9  6 9  7 9

Graph 26, order 10.
10 9
0 7  0 9  1 7  2 8  2 9  3 8  4 9  5 9  6 9

Graph 27, order 10.
10 9
0 7  1 7  2 8  2 9  3 8  4 9  5 9  6 9  7 9

Graph 28, order 10.
10 9
0 7  1 7  2 8  3 8  4 9  5 9  6 9  7 9  8 9

Graph 29, order 10.
10 9
0 7  0 8  0 9  1 7  2 8  3 8  4 9  5 9  6 9

Graph 30, order 10.
10 9
0 7  0 8  1 7  1 9  2 8  3 8  4 9  5 9  6 9

Graph 31, order 10.
10 9
0 7  0 8  1 7  2 8  2 9  3 8  4 9  5 9  6 9

Graph 32, order 10.
10 9
0 7  0 8  1 7  2 8  3 8  4 9  5 9  6 9  7 9

Graph 33, order 10.
10 9
0 7  0 9  1 7  2 8  2 9  3 8  4 8  5 9  6 9

Graph 34, order 10.
10 9
0 7  1 7  2 8  2 9  3 8  4 8  5 9  6 9  7 9

Graph 35, order 10.
10 9
0 7  0 9  1 7  2 8  3 8  4 8  5 9  6 9  8 9

Graph 36, order 10.
10 9
0 7  0 9  1 7  2 8  3 8  4 9  5 9  6 9  7 8

Graph 37, order 10.
10 9
0 7  1 7  2 8  3 8  4 9  5 9  6 9  7 8  7 9

Graph 38, order 10.
10 9
0 7  0 9  1 7  2 7  3 8  3 9  4 8  5 8  6 9

Graph 39, order 10.
10 9
0 6  0 9  1 7  1 9  2 8  2 9  3 9  4 9  5 9

Graph 40, order 10.
10 9
0 6  0 8  0 9  1 7  1 9  2 8  3 9  4 9  5 9

Graph 41, order 10.
10 9
0 6  0 8  1 7  1 9  2 8  2 9  3 9  4 9  5 9

Graph 42, order 10.
10 9
0 6  0 8  0 9  1 7  1 8  2 8  3 9  4 9  5 9

Graph 43, order 10.
10 9
0 6  0 8  1 7  1 8  2 8  2 9  3 9  4 9  5 9

Graph 44, order 10.
10 9
0 6  0 8  1 7  1 8  2 8  3 9  4 9  5 9  6 9

Graph 45, order 10.
10 9
0 6  0 9  1 7  1 9  2 8  2 9  3 8  4 9  5 9

Graph 46, order 10.
10 9
0 6  0 9  1 7  1 9  2 8  3 8  4 9  5 9  8 9

Graph 47, order 10.
10 9
0 6  0 8  0 9  1 7  1 9  2 8  3 8  4 9  5 9

Graph 48, order 10.
10 9
0 6  0 8  1 7  1 9  2 8  2 9  3 8  4 9  5 9

Graph 49, order 10.
10 9
0 6  0 8  1 7  1 9  2 8  3 8  4 9  5 9  6 9

Graph 50, order 10.
10 9
0 6  0 8  1 7  1 9  2 8  3 8  4 9  5 9  8 9

Graph 51, order 10.
10 9
0 6  0 9  1 7  1 9  2 8  2 9  3 8  4 8  5 9

Graph 52, order 10.
10 9
0 6  0 9  1 7  1 9  2 8  3 8  4 8  5 9  8 9

Graph 53, order 10.
10 9
0 6  0 7  0 9  1 7  1 8  2 8  3 9  4 9  5 9

Graph 54, order 10.
10 9
0 6  0 7  1 7  1 8  1 9  2 8  3 9  4 9  5 9

Graph 55, order 10.
10 9
0 6  0 7  1 7  1 8  2 8  2 9  3 9  4 9  5 9

Graph 56, order 10.
10 9
0 6  0 7  0 9  1 7  2 8  2 9  3 8  4 9  5 9

Graph 57, order 10.
10 9
0 6  0 7  1 7  1 9  2 8  2 9  3 8  4 9  5 9

Graph 58, order 10.
10 9
0 6  0 7  0 9  1 7  2 8  3 8  4 9  5 9  8 9

Graph 59, order 10.
10 9
0 6  0 7  1 7  1 9  2 8  3 8  4 9  5 9  8 9

Graph 60, order 10.
10 9
0 6  0 7  1 7  1 8  2 8  3 8  4 9  5 9  6 9

Graph 61, order 10.
10 9
0 6  0 7  1 7  1 9  2 8  2 9  3 8  4 8  5 9

Graph 62, order 10.
10 9
0 6  0 9  1 7  1 8  1 9  2 7  3 8  4 9  5 9

Graph 63, order 10.
10 9
0 6  0 9  1 7  1 8  2 7  2 9  3 8  4 9  5 9

Graph 64, order 10.
10 9
0 6  0 9  1 7  1 8  2 7  3 8  4 9  5 9  7 9

Graph 65, order 10.
10 9
0 6  0 8  1 7  1 8  2 7  3 8  4 9  5 9  7 9

Graph 66, order 10.
10 9
0 6  0 9  1 7  1 9  2 7  3 8  3 9  4 8  5 9

Graph 67, order 10.
10 9
0 6  0 9  1 7  2 7  3 8  3 9  4 8  5 9  7 9

Graph 68, order 10.
10 9
0 6  0 9  1 7  2 7  3 8  4 8  5 9  7 9  8 9

Graph 69, order 10.
10 9
0 6  0 8  1 7  1 9  2 7  3 8  4 8  5 9  6 9

Graph 70, order 10.
10 9
0 6  0 8  0 9  1 7  2 7  3 8  4 8  5 9  7 9

Graph 71, order 10.
10 9
0 6  0 8  1 7  2 7  3 8  4 8  5 9  6 9  7 9

Graph 72, order 10.
10 9
0 6  0 9  1 7  1 8  2 7  2 9  3 8  4 8  5 9

Graph 73, order 10.
10 9
0 6  0 9  1 7  1 8  2 7  3 8  3 9  4 8  5 9

Graph 74, order 10.
10 9
0 6  0 9  1 7  1 8  2 7  3 8  4 8  5 9  7 9

Graph 75, order 10.
10 9
0 6  0 9  1 7  1 9  2 7  3 8  3 9  4 8  5 8

Graph 76, order 10.
10 9
0 6  0 9  1 7  2 7  3 8  3 9  4 8  5 8  7 9

Graph 77, order 10.
10 9
0 6  0 7  1 6  1 8  2 7  2 9  3 8  4 9  5 9

Graph 78, order 10.
10 9
0 6  0 7  1 6  1 9  2 7  3 8  3 9  4 8  5 9

Graph 79, order 10.
10 9
0 6  0 7  1 6  2 7  3 8  3 9  4 8  5 9  6 9

Graph 80, order 10.
10 9
0 6  0 7  0 9  1 6  2 7  3 8  4 8  5 9  8 9

Graph 81, order 10.
10 9
0 6  0 7  1 6  1 9  2 7  3 8  4 8  5 9  8 9

Graph 82, order 10.
10 9
0 6  0 7  1 6  2 7  3 8  4 8  5 9  6 9  8 9

Graph 83, order 10.
10 9
0 6  0 9  1 6  2 7  2 9  3 7  4 8  4 9  5 8

Graph 84, order 10.
10 9
0 6  1 6  2 7  2 9  3 7  4 8  4 9  5 8  6 9

Graph 85, order 10.
10 9
0 6  1 6  2 7  3 7  4 8  4 9  5 8  6 9  7 9

Graph 86, order 10.
10 9
0 6  1 6  2 7  3 7  4 8  5 8  6 9  7 9  8 9

Graph 87, order 10.
10 9
0 5  0 9  1 6  1 9  2 7  2 9  3 8  3 9  4 9

Graph 88, order 10.
10 9
0 5  0 8  0 9  1 6  1 9  2 7  2 9  3 8  4 9

Graph 89, order 10.
10 9
0 5  0 8  1 6  1 9  2 7  2 9  3 8  3 9  4 9

Graph 90, order 10.
10 9
0 5  0 8  1 6  1 8  2 7  2 9  3 8  4 9  5 9

Graph 91, order 10.
10 9
0 5  0 9  1 6  1 9  2 7  2 9  3 8  3 9  4 8

Graph 92, order 10.
10 9
0 5  0 9  1 6  1 9  2 7  2 9  3 8  4 8  8 9

Graph 93, order 10.
10 9
0 5  0 8  1 6  1 9  2 7  2 9  3 8  3 9  4 8

Graph 94, order 10.
10 9
0 5  0 8  1 6  1 9  2 7  2 9  3 8  4 8  5 9

Graph 95, order 10.
10 9
0 5  0 7  0 9  1 6  1 8  1 9  2 7  3 8  4 9

Graph 96, order 10.
10 9
0 5  0 7  1 6  1 8  2 7  2 9  3 8  3 9  4 9

Graph 97, order 10.
10 9
0 5  0 7  0 9  1 6  1 9  2 7  2 8  3 8  4 9

Graph 98, order 10.
10 9
0 5  0 7  1 6  1 9  2 7  2 8  3 8  3 9  4 9

Graph 99, order 10.
10 9
0 5  0 7  0 9  1 6  1 9  2 7  3 8  3 9  4 8

Graph 100, order 10.
10 9
0 5  0 7  1 6  1 9  2 7  2 9  3 8  3 9  4 8

Graph 101, order 10.
10 9
0 5  0 7  0 9  1 6  1 9  2 7  3 8  4 8  8 9

Graph 102, order 10.
10 9
0 5  0 7  1 6  1 9  2 7  2 9  3 8  4 8  8 9

Graph 103, order 10.
10 9
0 5  0 9  1 6  1 9  2 7  2 8  2 9  3 7  4 8

Graph 104, order 10.
10 9
0 5  0 9  1 6  1 9  2 7  2 8  3 7  3 9  4 8

Graph 105, order 10.
10 9
0 5  0 9  1 6  1 9  2 7  2 8  3 7  4 8  7 9

Graph 106, order 10.
10 9
0 5  0 9  1 6  1 7  2 6  2 8  3 7  3 9  4 8
